PID	PGID	SID	PPID
1	1	1	0
7	7	7	1
15	15	15	1
19	19	19	1
28	28	28	7
30	30	1	1
41	41	41	7
47	47	47	1
49	49	49	1
51	51	4	1
62	62	62	1
65	65	65	1
66	66	66	41
67	67	67	1
73	73	73	1
75	22	4	1
76	76	76	1
78	78	78	1
82	82	82	1
86	86	86	1
88	88	88	62
93	93	7	1
95	95	95	1
97	97	97	15
101	101	101	15
112	112	112	1
115	115	115	1
116	116	116	1
123	3054	4	1
124	1	1	65
128	128	128	101
136	49	49	1
137	137	137	112
140	140	38	1
142	142	142	51
147	147	147	1
149	1	1	1
150	150	150	1
157	157	157	1
164	29	1	1
167	29	1	1
169	7	7	1
171	171	4	51
172	29	1	1
178	774	7	1
179	179	179	157
182	182	4	128
184	184	1	1
188	188	188	1
190	190	190	1
191	109	86	1
194	194	194	101
195	29	1	1
198	198	198	1
200	200	200	1
201	201	201	1
205	205	205	1
206	206	27	200
207	207	38	140
215	215	1	195
216	29	1	1
220	220	220	1
222	222	222	1
224	224	224	1
225	1577	7	1
226	226	226	1
228	228	228	1
230	230	230	222
231	231	231	1
233	233	233	222
234	89	89	1
240	240	29	1
244	244	244	1
248	248	248	1
249	249	249	1
251	251	251	1
253	253	1	1
256	256	256	1
259	259	1	1
261	261	261	1
267	267	267	93
272	272	129	226
273	273	273	1
277	277	277	167
278	278	278	1
279	279	279	1
281	281	281	128
283	283	283	1
285	153	1	1
287	287	287	140
290	290	290	1
293	293	293	1
294	294	4	1
295	295	1	1
300	577	78	1
305	305	305	1
307	4872	1	167
308	308	308	1
313	313	313	216
314	314	196	1
316	316	316	1
318	318	318	1
321	29	1	216
322	322	322	273
326	828	1	157
327	327	20	228
330	330	330	1
331	331	331	128
333	1	1	1
335	335	335	283
336	336	86	1
338	91	91	1
341	1206	4	1
342	349	127	1
343	786	7	248
346	29	1	1
347	347	347	1
351	351	1	316
357	357	67	67
358	358	358	1
359	29	1	1
361	361	361	1
362	362	362	1
365	582	147	147
366	366	7	1
368	67	67	95
372	75	4	1
374	165	165	1
375	67	67	1
376	4	4	1
377	377	377	1
378	378	378	1
380	245	7	1
384	384	384	272
385	1287	1	377
388	388	1	1
389	29	1	385
391	109	86	1
392	29	1	351
394	394	7	1
395	29	1	1
396	396	396	277
397	397	397	137
398	604	7	41
399	399	19	1
400	17	17	1
404	404	404	73
409	409	409	1
410	410	410	1
414	414	414	365
416	2629	183	1
419	75	4	1
423	29	1	1
424	424	424	394
425	425	1	392
432	432	432	164
433	314	196	1
435	435	435	1
436	436	436	149
438	129	129	1
440	440	7	1
444	444	1	157
446	446	446	1
453	453	453	1
454	454	454	1
455	455	455	51
456	29	1	198
458	158	158	1
459	459	459	399
460	460	460	1
465	465	465	137
468	28	28	1
469	469	110	1
470	470	470	1
471	29	1	1
472	472	130	1
473	473	473	76
474	638	31	1
475	475	475	230
476	476	476	394
478	478	478	1
479	479	479	190
480	134	134	1
481	481	481	1
482	482	482	1
484	4	4	1
486	29	1	1
489	489	489	97
490	113	1	1
491	110	110	470
493	493	493	307
496	496	496	157
497	497	497	365
498	498	147	365
500	240	29	240
504	504	504	394
505	169	7	1
506	4	4	1
511	511	511	436
512	29	1	388
513	513	513	1
514	240	29	335
517	517	517	249
518	518	518	343
520	91	91	1
521	4	4	1
523	1276	4	62
524	524	524	425
525	1	1	432
527	527	527	520
528	7	7	261
529	604	7	1
530	530	530	478
532	29	1	316
533	29	1	164
535	535	535	188
536	536	536	1
537	537	537	267
539	539	7	267
545	545	545	1
548	548	1	1
549	549	549	1
551	73	73	1
552	552	552	436
554	554	554	73
555	555	555	1
557	557	557	67
560	560	560	248
562	562	204	1
564	564	564	490
571	214	214	1
574	254	254	1
576	576	576	1
577	577	78	251
580	580	580	1
583	130	130	472
584	584	584	1
586	1	1	425
588	588	588	1
589	589	589	1
591	591	591	391
592	204	204	478
593	593	1	1
598	598	129	1
599	29	1	1
600	600	600	1
601	601	196	314
602	602	602	410
605	605	605	384
607	607	544	1
610	610	610	272
611	611	611	469
614	60	4	82
618	399	19	1
621	29	1	524
624	110	110	469
629	4	4	101
634	634	16	1
636	636	636	1
638	638	31	1
640	284	284	1
641	641	641	1
642	642	642	1
643	643	643	1
644	644	644	1
645	645	645	602
647	130	130	1
648	60	4	171
650	650	650	1
651	651	651	511
657	7	7	537
659	1033	147	365
660	660	660	190
661	661	1	359
662	662	662	1
663	663	663	1
667	667	667	1
668	668	668	281
670	2954	1	1
674	4	4	15
678	678	678	1
683	78	78	643
685	685	685	481
686	686	1	116
688	29	1	1
692	692	168	1
694	249	249	249
695	695	695	557
698	698	1	377
699	699	699	277
702	314	196	314
703	60	4	1
705	705	4	1
708	128	128	128
709	786	7	1
712	65	65	65
716	1	1	164
717	67	67	695
718	67	67	1
722	722	97	1
725	725	725	123
726	726	76	76
729	1238	238	1
731	731	296	1
732	16	1	307
733	733	733	1
734	734	734	1
735	735	735	361
737	1024	86	1
738	78	78	1
739	739	739	1
747	747	747	583
748	386	78	300
751	751	1	555
753	753	1	1
754	754	754	1
756	38	38	207
758	758	110	1
759	65	65	712
769	183	1	1
771	4	4	521
772	772	772	366
773	773	773	1
776	786	7	1
777	777	777	1
782	782	782	490
783	661	1	1
784	1	1	1
786	786	7	1
789	789	789	1
790	790	790	1
792	792	792	1
794	794	794	647
795	795	795	1
796	796	796	1
799	799	799	1
800	7	7	1
801	801	801	1
802	802	802	602
804	804	804	1
806	806	806	179
807	274	274	1
808	509	509	1
814	233	233	233
817	817	214	1
819	819	819	584
820	29	1	157
821	27	27	1
822	29	1	1
823	823	823	293
826	826	826	1
827	29	1	524
829	829	829	295
830	830	830	1
833	833	833	206
834	713	713	1
835	835	4	1
836	836	147	1
841	190	190	190
842	29	1	389
843	67	67	1
844	369	369	1
846	846	846	1
848	147	147	414
850	29	1	425
852	852	852	513
857	857	857	469
858	858	858	1
862	496	1	1
864	864	864	497
869	29	1	259
871	871	871	1
872	872	872	1
874	874	874	1
876	876	28	685
877	877	7	1
880	204	204	1
882	882	882	1
890	86	86	1
892	892	892	1
894	493	493	493
896	896	7	800
897	897	208	589
899	899	1	164
900	900	86	1
901	901	901	899
902	902	902	1
904	904	7	1
906	200	27	1
908	908	908	460
910	910	910	555
911	168	168	1
912	308	308	308
914	584	584	819
915	915	110	470
918	918	1	826
922	922	922	1
923	584	584	584
926	668	668	668
927	927	927	484
929	29	1	1
931	931	931	1
932	932	932	894
933	76	76	76
935	935	935	1
939	939	939	1
943	943	97	1
948	7	7	169
950	950	1	1
953	638	31	536
954	314	196	433
955	544	544	1
957	957	957	1
958	958	7	830
960	91	91	1
962	365	147	365
963	1	1	1
964	964	964	484
966	966	966	577
967	967	1	1
969	969	969	1
971	22	4	1
972	972	972	366
973	638	31	474
976	976	19	1
977	4	4	1
978	978	978	1
982	982	982	1
983	7	7	560
989	7	7	772
990	990	990	1
991	991	991	1
993	5674	130	1
994	994	994	1
995	475	475	892
997	31	31	1
998	998	998	1
1000	204	204	1
1001	130	130	747
1003	1003	1003	1
1007	509	509	1
1008	1008	1008	1
1009	1009	1	423
1013	1013	1013	600
1014	29	1	1
1015	1015	1015	88
1018	1018	196	433
1020	1020	7	261
1022	1022	1022	1000
1023	1023	1023	1
1024	1024	86	1
1026	1026	1026	551
1028	1028	110	857
1029	129	129	384
1031	92	92	1
1033	1033	147	414
1035	1035	139	1
1037	1037	1037	1
1039	1039	1039	480
1042	274	274	807
1044	1044	1044	533
1046	253	1	1
1047	1047	1047	523
1051	1051	1051	1
1052	1052	1052	1
1053	478	478	478
1055	1055	1055	549
1056	1056	1056	872
1059	498	147	498
1060	308	308	308
1062	1062	1062	948
1063	1063	1063	621
1064	245	7	650
1065	29	1	313
1067	1067	1067	1
1068	29	1	1
1069	134	134	1
1070	1070	1070	372
1071	1071	49	136
1072	1	1	1
1073	1073	1073	1
1074	1074	1074	490
1075	1	1	149
1076	369	369	1
1077	1077	1077	347
1081	1	1	1
1082	1	1	116
1083	1083	1	826
1084	1	1	783
1085	1594	465	465
1087	1087	1087	1
1090	1090	78	738
1091	1091	1091	188
1093	735	4	735
1095	1095	1095	1
1100	1100	4	1
1101	251	78	683
1102	91	91	338
1104	1104	1104	877
1106	1106	4	171
1107	1107	7	1
1108	132	7	347
1109	1109	1109	989
1111	29	1	359
1113	7	7	786
1114	204	204	880
1115	1115	1115	1101
1117	1117	1117	964
1118	1118	1118	1
1119	791	791	1
1120	1120	1120	659
1121	369	369	1
1122	109	86	336
1129	1129	1129	1
1131	1131	1131	1
1133	369	369	844
1134	1134	4	75
1135	1135	1135	1
1137	97	97	97
1138	1138	328	1135
1139	1139	1139	1
1141	29	1	486
1142	1142	1142	357
1143	535	535	535
1144	383	383	990
1145	1145	27	1
1146	163	163	1
1148	1148	7	1109
1149	1149	1149	1109
1152	1152	1	1
1153	1153	1	751
1158	1158	1158	1
1159	1159	1159	251
1160	1160	713	1
1163	31	31	1
1165	78	78	1
1166	1166	1166	1
1168	7	7	380
1169	1169	1169	1
1170	49	49	136
1171	134	134	1
1172	1172	1172	1
1176	1176	537	537
1177	1177	1177	1
1178	17	17	400
1179	381	31	1051
1182	27	27	1
1184	1184	1184	1
1188	1188	1188	1149
1189	87	4	1
1190	386	78	1115
1192	1192	1192	1
1194	584	584	1
1199	1199	1199	97
1200	1200	1200	808
1203	1107	7	1
1206	1206	4	1
1209	1209	1209	1063
1211	73	73	551
1213	1213	1213	424
1215	714	714	1
1217	336	86	336
1218	1218	1218	1172
1222	1222	1222	391
1223	1223	1223	357
1224	78	78	1
1227	28	28	481
1230	327	20	1
1232	29	1	1
1233	1233	214	571
1235	792	275	1
1237	318	318	318
1238	1238	238	1
1241	29	1	827
1242	1242	1242	335
1244	277	277	801
1246	1206	4	1
1247	1247	1247	1
1249	454	454	454
1250	91	91	960
1251	1251	1251	685
1253	1253	1253	1
1257	1257	367	1
1261	29	1	1
1262	1262	1262	1
1264	11	4	256
1265	1265	1265	330
1266	1266	1266	998
1268	249	249	694
1269	1269	424	1213
1270	1270	1270	551
1271	3958	275	792
1272	295	1	150
1274	134	134	1
1276	22	4	614
1277	1277	1	164
1278	1278	1278	807
1280	1280	1280	469
1281	27	27	1095
1284	29	1	432
1285	67	67	1
1286	1286	1286	1
1287	1287	1	1075
1289	498	147	1059
1290	544	544	1
1292	486	1	511
1293	1062	7	366
1294	1294	316	316
1296	1296	1296	389
1297	29	1	753
1299	1299	1	950
1302	131	131	1
1305	228	228	228
1306	386	78	300
1308	29	1	1
1309	1	1	1
1311	1311	1311	1
1312	1312	1312	496
1313	41	41	1
1314	60	4	1
1315	1315	275	792
1319	1319	1	641
1320	1320	1320	1
1321	4	4	771
1323	299	299	957
1325	586	1	751
1328	1328	1328	1
1330	1330	110	1028
1331	1331	1331	1
1332	1332	1332	1129
1333	1333	4	1134
1334	1334	1334	1
1338	11	4	1
1339	1339	4	1
1340	1340	322	322
1341	1341	73	1
1342	1342	1342	1035
1343	1343	1343	904
1345	1345	1345	1
1350	1350	1350	1
1352	29	1	479
1353	251	78	748
1355	183	1	751
1356	19	19	1
1357	1633	4	1
1358	1358	1358	1163
1359	1359	1359	1
1360	1360	1360	346
1361	1361	1361	1
1362	1156	147	1
1363	129	129	1
1364	1364	1364	751
1366	1	1	1
1368	1368	1368	440
1369	604	7	1
1370	611	611	611
1373	75	4	1134
1378	1378	1378	1
1379	1379	1379	1083
1381	249	249	1
1382	1382	1382	897
1383	4498	713	1
1385	711	19	1
1386	910	910	910
1388	435	435	435
1389	29	1	1009
1391	1391	1391	486
1392	7	7	398
1395	1395	1395	1
1396	1396	1396	321
1397	1397	1397	820
1398	27	27	1
1399	3075	257	1
1404	274	274	1361
1405	1405	545	545
1406	1406	1406	1
1407	1407	1407	1
1408	38	38	1
1410	1410	1410	647
1411	109	86	1
1414	863	27	1
1415	1415	1415	1272
1419	38	38	207
1420	1420	1420	1
1421	1421	713	1
1422	1422	78	1420
1423	1276	4	614
1424	620	620	1
1425	1425	544	1290
1426	1426	1426	137
1427	7	7	225
1428	3423	7	261
1429	4	4	1
1431	4	4	1
1433	1433	1433	1
1435	1435	4	1
1437	1437	7	529
1440	1440	1440	1152
1443	1443	131	871
1445	1445	38	1419
1446	1446	27	1182
1447	455	455	455
1448	497	497	497
1449	386	78	1
1451	1451	1	1141
1452	437	437	1
1455	497	497	1448
1456	314	196	1
1457	1457	1457	819
1458	1458	1458	115
1459	1459	129	272
1460	1460	73	73
1463	4285	7	983
1464	1464	157	157
1466	1466	1466	1
1468	1468	1468	1189
1469	696	696	1350
1470	604	7	1148
1471	51	4	1
1472	1472	1472	205
1473	67	67	368
1474	256	4	1264
1476	1476	1476	1457
1478	22	4	194
1479	1479	1479	1429
1480	29	1	1
1481	1481	1481	1
1482	1482	7	225
1484	27	27	1446
1486	147	147	1289
1487	29	1	822
1489	75	4	1
1490	1490	204	1114
1491	1491	67	67
1493	1493	1493	1
1494	29	1	392
1496	1496	1496	1313
1497	1497	7	972
1498	1498	1498	1426
1501	7	7	380
1502	67	67	1
1505	1131	410	1131
1506	465	465	1085
1509	1509	1509	703
1511	1511	41	1496
1512	1577	7	1
1514	1514	28	685
1515	1515	1515	1382
1516	502	502	1
1519	1519	1519	65
1521	1521	1521	1
1522	29	1	195
1525	73	73	1211
1526	1526	1526	1
1528	49	49	136
1529	22	4	1
1530	4	4	964
1531	1531	1531	523
1532	1532	1532	935
1533	109	86	1
1534	1534	1534	1311
1535	139	139	1
1538	29	1	326
1541	1541	1541	140
1543	130	130	747
1544	147	147	836
1546	65	65	65
1547	277	277	1
1548	1548	1548	374
1550	240	29	283
1551	1551	1551	1
1552	330	330	330
1553	1553	86	1222
1554	231	231	231
1555	1555	67	368
1559	1559	1559	1
1561	1561	1	216
1562	1258	78	1
1564	1564	1564	1029
1566	274	274	807
1567	35	4	1435
1568	1568	49	136
1569	791	791	1
1570	1570	1570	850
1571	1571	1571	717
1572	643	643	643
1574	1574	1574	1060
1575	1575	1575	1
1577	1577	7	518
1578	1	1	1
1579	38	38	1419
1580	29	1	1
1581	1581	1581	1
1583	1583	1583	338
1585	3964	602	602
1586	1586	31	1358
1588	183	1	769
1590	1590	1590	476
1591	1591	1591	293
1592	1592	1592	1
1593	498	147	1059
1594	1594	465	465
1595	29	1	1
1598	60	4	1339
1600	1600	1600	807
1601	4	4	835
1602	1602	230	230
1604	604	7	225
1605	1605	1605	1129
1607	1607	1607	1199
1608	1480	1	1
1610	7	7	518
1613	544	544	1
1615	73	73	554
1616	1	1	1578
1617	1617	1617	1572
1618	1488	544	1
1620	1620	1620	1460
1621	1107	7	1392
1623	1623	1623	1
1624	130	130	747
1625	314	196	314
1633	1633	4	1
1634	4	4	1423
1635	1635	78	1
1636	4	4	927
1639	1639	1639	1
1640	1640	1640	184
1641	1641	1641	1074
1642	1642	1642	967
1644	1644	1644	1484
1645	29	1	1415
1647	1647	585	1320
1649	1649	1649	1
1650	1	1	1
1651	1651	1651	372
1652	1652	19	399
1654	7	7	1
1655	1655	1655	432
1656	1279	1279	1
1657	1657	1657	1
1661	1661	1661	1
1662	73	73	1615
1663	1663	1663	1
1664	1664	1664	1406
1665	1665	1665	1
1666	1666	137	137
1669	498	147	1
1670	1015	1015	1015
1671	1671	1671	644
1672	11	4	1665
1673	86	86	1
1674	49	49	1528
1675	113	1	1561
1676	109	86	1
1677	1677	1677	1059
1679	1	1	1
1680	1680	179	806
1683	7	7	1
1685	465	465	1506
1687	1687	410	1505
1688	826	826	826
1690	1690	1690	468
1691	1691	67	1502
1692	1692	1692	842
1693	1276	4	1
1695	1695	1695	1
1700	1700	1700	82
1701	1701	1701	244
1702	22	4	1
1703	1703	1703	1
1705	7	7	1
1707	1707	4	614
1708	871	131	1
1709	1709	1709	1
1712	139	139	1342
1716	78	78	1
1718	1718	1718	537
1720	84	67	718
1721	78	78	588
1722	183	1	769
1724	1724	4	799
1726	153	1	525
1727	1727	1727	1674
1728	1728	1728	82
1729	7	7	1604
1730	1730	1730	1
1731	1731	1	644
1734	4	4	523
1736	638	31	1
1737	1737	1737	1
1739	86	86	1526
1740	1740	158	458
1742	1742	7	1
1744	1744	1744	82
1745	493	493	493
1746	984	984	1
1750	1750	7	972
1752	1752	1752	927
1754	1754	1754	1490
1757	1757	1757	872
1760	493	493	493
1761	1761	1761	1635
1762	1762	1762	1
1763	604	7	1
1766	586	1	1
1767	643	643	1617
1768	1768	1768	1141
1770	135	19	1
1771	1771	1771	1129
1774	207	38	1
1775	1775	1	1650
1776	7	7	1
1778	1778	1778	1153
1779	1779	1779	1
1780	1780	1780	555
1782	29	1	388
1784	75	4	1333
1786	132	7	935
1787	1787	1787	997
1788	205	205	1
1789	537	537	537
1790	134	134	480
1794	1794	1091	1091
1800	1800	274	1042
1801	1801	1801	642
1802	1802	1802	1800
1803	1803	29	1
1804	1804	1804	1
1807	697	697	1
1808	1808	1808	341
1809	1809	1809	726
1811	863	863	1
1813	1813	1813	1774
1814	1814	1814	1
1815	27	27	1281
1817	635	4	1
1819	493	493	1
1820	1820	1820	469
1821	1821	1821	1093
1822	1173	66	1
1824	330	330	1265
1825	1825	588	588
1826	1826	1826	465
1829	1	1	1
1832	2117	1	1
1833	722	97	722
1834	1574	1574	1
1835	1	1	1
1836	1836	1836	1
1837	29	1	1360
1843	1	1	1642
1846	1846	1846	1526
1847	1847	306	1
1851	29	1	698
1852	1852	1852	1
1854	1854	1854	1716
1855	29	1	389
1858	2797	1	732
1859	774	7	1786
1861	1861	4	1
1865	1865	636	636
1868	1868	1	1709
1869	11	4	1373
1870	1870	1870	1
1871	204	204	1114
1872	29	1	1074
1874	1874	410	645
1876	1876	1876	338
1877	1877	7	1
1878	1878	1	783
1879	606	606	1
1880	1880	1880	1013
1881	774	7	1
1882	22	4	256
1883	67	67	375
1884	509	509	808
1885	1885	1885	786
1886	1886	31	1139
1887	1034	27	1
1888	1888	1888	414
1890	1890	1890	1179
1891	65	65	1519
1892	1892	367	1257
1893	49	49	1528
1894	29	1	1397
1895	1895	7	1
1896	1896	1896	1509
1897	4	4	705
1898	938	938	1
1901	4	4	51
1902	1902	1902	251
1903	1903	1903	1
1905	1905	1905	1171
1906	92	92	1
1907	274	274	1361
1908	1908	1908	960
1911	4	4	1601
1915	1915	91	338
1916	1916	1916	1752
1917	1917	130	1
1918	7	7	1
1920	1920	1	525
1921	134	134	795
1922	1922	1922	1918
1925	1069	134	1790
1926	493	493	932
1928	1928	1928	1
1929	92	92	1
1930	1930	1930	533
1931	2690	129	1
1934	1934	1934	1491
1935	75	4	75
1936	1936	1936	1
1937	836	147	147
1940	1034	27	1887
1941	1941	1941	1740
1943	1943	238	1238
1945	49	49	136
1946	982	982	982
1947	7	7	1705
1951	497	497	497
1952	1952	1952	1352
1953	1953	1953	709
1955	1955	1	1
1957	1957	168	1037
1958	1958	1958	51
1959	1959	1959	1858
1960	1960	1960	1
1961	92	92	1031
1962	168	168	1037
1963	141	141	1
1965	1965	1965	1600
1967	7	7	1577
1970	1970	1970	283
1971	1971	1971	1
1973	1	1	1
1974	1974	129	939
1975	97	97	1607
1976	1	1	1650
1977	1977	4	75
1978	1583	1583	1583
1979	571	214	571
1980	584	584	914
1982	786	7	1885
1984	386	78	1449
1985	1985	1985	372
1986	29	1	1065
1987	1987	1987	900
1988	1988	1988	1
1989	2869	497	1
1992	1728	1728	1728
1993	915	110	754
1994	1994	1994	1446
1995	73	73	1211
1996	4	4	1601
1997	1997	1997	1555
1998	786	7	1683
1999	153	1	1
2000	644	1	385
2001	2001	204	592
2003	2022	279	279
2006	2006	707	1
2007	2007	2007	1
2009	35	4	1311
2010	2010	2010	1009
2011	2011	2011	1
2013	435	435	435
2014	116	116	116
2017	2017	2017	1
2019	29	1	1
2020	2020	66	1
2021	2021	2021	1940
2022	2022	279	279
2023	2023	2023	1702
2025	2025	2025	577
2026	29	1	1829
2027	2027	1	1782
2028	2028	2028	294
2030	2030	19	399
2032	28	28	1514
2035	31	31	1787
2036	2036	2036	1397
2037	502	502	1
2041	2041	2041	1265
2042	2042	2042	874
2043	2043	2043	1
2044	116	116	116
2046	638	31	1
2047	2047	2047	1
2049	2049	147	659
2050	2050	2050	731
2052	2052	2052	1
2058	28	28	1227
2059	157	1	1397
2060	1199	97	1607
2064	7	7	657
2065	29	1	1
2066	1443	131	1443
2067	2067	7	528
2068	2068	2068	657
2069	22	4	1
2070	75	4	1134
2072	381	31	1179
2074	22	4	1
2076	2076	7	261
2077	2077	2077	1
2078	2078	2078	1585
2080	2080	2080	295
2081	4	4	703
2082	4129	19	19
2084	2084	2084	1548
2085	2085	2085	2052
2087	2087	2087	1
2088	29	1	172
2089	1118	1118	1118
2092	2092	2092	899
2093	336	86	86
2094	2094	2094	468
2095	1	1	918
2096	198	198	198
2098	2098	78	1
2099	980	980	1
2101	128	128	1
2102	2102	198	198
2103	168	168	1957
2104	2104	2104	1
2105	2105	2105	1
2107	2107	214	817
2109	2109	2109	2046
2110	22	4	1
2111	2111	2111	1
2112	7	7	1
2115	2115	228	228
2117	2117	1	172
2118	475	475	1
2121	915	110	1330
2124	1033	147	1
2125	2125	2125	1
2126	2126	518	518
2127	2127	2127	1
2128	2128	957	957
2129	2129	67	1223
2130	7	7	1592
2131	1131	410	1
2132	335	335	335
2133	2133	2133	1935
2137	1056	1056	1056
2139	113	1	1
2140	29	1	436
2141	2141	2141	1241
2142	2142	2142	533
2143	2143	110	469
2144	29	1	1466
2146	2146	1	1075
2148	2148	2148	789
2149	29	1	2140
2150	774	7	1169
2152	2629	183	416
2153	2153	2153	521
2154	2154	1118	2089
2155	2155	4	1762
2156	399	19	2030
2157	2157	78	1
2158	1432	4	1
2159	222	222	1
2160	128	128	2101
2161	29	1	686
2162	2162	2162	1546
2164	86	86	1739
2166	91	91	1
2168	2168	2168	62
2169	2169	2169	1535
2170	1547	277	1547
2173	3623	4	1423
2174	29	1	1141
2176	249	249	1268
2177	2177	2177	1
2179	29	1	1642
2180	576	576	1
2181	2181	2181	2006
2182	2182	2182	1
2183	493	493	493
2184	2184	2184	1879
2185	29	1	1623
2186	1	1	1
2188	101	101	101
2189	2189	1	1241
2191	2191	2191	1493
2193	2193	226	1
2196	2196	4	1
2198	2198	410	645
2199	2199	2199	1722
2203	421	128	2101
2204	336	86	1
2209	475	475	1
2210	67	67	1285
2211	29	1	950
2212	349	127	1
2213	2213	4	1598
2214	544	544	1903
2217	29	1	164
2218	2218	901	901
2219	2219	1	1309
2220	29	1	1
2221	2221	2221	1074
2222	29	1	991
2223	2223	31	1139
2225	2225	2225	1577
2227	86	86	86
2228	2228	2228	1
2229	4	4	1724
2230	7	7	1998
2232	2232	2232	661
2233	2233	2233	688
2234	135	19	1
2235	119	119	1
2238	2238	2238	1
2239	278	278	278
2241	2241	2241	1
2242	2242	2242	1892
2243	29	1	1768
2244	2244	4	182
2245	2245	2245	1170
2248	1056	1056	2137
2249	497	497	1
2251	2251	2251	756
2253	2253	2253	2020
2256	2256	2256	2022
2257	31	31	1163
2258	801	277	801
2259	2259	2259	1
2260	2260	2260	1872
2262	1	1	641
2263	2263	2263	923
2264	707	707	2006
2266	27	27	1887
2269	2269	2269	338
2271	67	67	1473
2272	2272	313	313
2276	7	7	1
2277	610	129	610
2278	785	284	640
2283	1136	1136	1
2285	2285	2285	1013
2286	2286	2286	688
2287	1886	31	1736
2288	435	435	1388
2290	2290	2290	1115
2292	2292	2292	1
2293	2293	2293	1
2297	386	78	1
2298	2298	2298	1
2299	147	147	848
2302	2302	2302	147
2305	1	1	1153
2306	3303	7	505
2308	245	7	2076
2309	7	7	1104
2310	1860	1860	1
2312	2312	2312	1
2314	129	129	605
2315	67	67	717
2317	2317	2317	1
2318	1118	1118	1
2319	602	602	2078
2320	171	4	171
2321	792	275	1271
2322	7	7	983
2323	2323	840	1
2324	11	4	1700
2325	29	1	1642
2326	2326	2326	1
2327	2327	31	953
2328	502	502	1516
2330	2330	2330	86
2332	2332	2332	1
2333	1	1	1843
2335	2335	2335	2315
2336	200	27	1
2337	275	275	1
2338	2338	254	1
2340	7	7	2309
2342	2342	2342	1973
2343	147	147	2299
2345	1166	1166	1166
2348	157	1	1894
2351	65	65	1546
2352	29	1	2185
2353	29	1	1
2355	2355	1	2059
2356	2356	2356	1
2357	582	147	1544
2358	78	78	1
2360	2360	2360	1598
2361	2361	2361	1
2363	556	556	1
2365	2365	2365	205
2366	2366	2366	490
2367	1034	27	1887
2368	362	362	362
2369	2369	2369	1406
2370	27	27	1446
2371	544	544	1903
2372	2372	2372	359
2373	2373	2373	1
2375	7	7	1
2377	2377	2377	2183
2378	2378	27	1
2379	29	1	2217
2381	374	165	2084
2382	29	1	1
2383	2383	2383	1
2384	274	274	1
2385	62	62	62
2386	238	238	1559
2387	78	78	1224
2388	2388	2388	1075
2389	2389	2389	1
2390	1575	1575	1575
2391	2391	2391	1
2392	2392	31	1886
2393	2393	2393	1015
2394	2394	1902	1902
2397	29	1	1623
2398	29	1	164
2399	38	38	2251
2401	200	27	906
2402	2402	2402	1779
2403	2403	2403	1
2404	2404	4	1
2405	2405	2405	1489
2406	86	86	1526
2407	388	1	388
2408	49	49	1071
2409	2409	2409	517
2412	2412	7	2104
2413	7	7	1967
2414	222	222	1
2415	1532	1532	1532
2416	2218	901	901
2418	2418	1902	2394
2419	2419	1	1063
2421	65	65	1
2422	2422	2422	2013
2424	2424	2424	1426
2425	29	1	1241
2427	327	20	1
2428	1	1	149
2429	586	1	1
2430	128	128	1
2432	2432	2432	2333
2433	2433	2433	2357
2435	44	44	1
2437	31	31	474
2438	2438	7	1
2439	984	984	1
2441	1024	86	1
2443	190	190	190
2444	2444	2444	1
2446	863	863	1811
2447	1034	27	1928
2449	4	4	1378
2450	2450	2450	1
2451	2451	110	915
2452	2452	2452	518
2454	1339	4	1598
2455	2455	1	586
2456	1040	1040	1
2457	2457	2457	1
2459	2459	2459	1506
2460	7	7	1654
2463	97	97	943
2464	1609	81	1
2465	2465	2465	1804
2466	2466	2466	1
2468	7	7	772
2469	386	78	1984
2473	139	139	1
2474	1091	1091	1
2476	2476	2476	1455
2477	299	299	1323
2480	2480	602	602
2482	498	147	1
2484	1339	4	1
2485	2485	208	897
2487	2487	2487	1062
2488	785	284	1
2490	2490	2490	1970
2491	791	791	1
2493	2493	475	1
2495	2495	2495	1074
2496	2496	1	1
2497	584	584	1476
2499	432	432	432
2500	49	49	1674
2502	544	544	1
2503	2503	1574	1574
2505	2505	2505	1
2507	16	1	1858
2510	7	7	1
2512	29	1	1
2514	86	86	1
2515	502	502	1
2516	2516	2516	331
2517	2517	2517	1
2518	110	110	624
2519	29	1	2372
2520	73	73	1
2522	983	7	1463
2523	2523	2523	1
2524	113	1	490
2525	2525	230	1602
2526	29	1	285
2527	113	1	1
2528	2528	2528	2185
2530	29	1	1595
2531	2629	183	1
2532	2532	110	1
2533	2533	2533	1261
2534	73	73	551
2535	2535	110	915
2536	2536	2536	1
2537	2537	2537	2144
2539	313	313	2272
2540	518	518	518
2542	135	19	931
2543	2543	67	1
2546	141	141	1
2547	1257	367	2242
2548	649	649	1
2549	1056	1056	2248
2551	1047	1047	1047
2554	786	7	2064
2555	2555	31	1358
2556	2556	2556	545
2557	2557	475	1
2558	602	602	802
2559	29	1	1
2560	2560	2560	2360
2561	2561	2561	1364
2562	2562	2562	1137
2563	2563	2563	1
2564	2564	435	2288
2565	2565	27	833
2566	2566	4	88
2567	2567	2567	391
2568	2568	2568	1
2569	75	4	1117
2570	2570	2570	395
2571	2571	2571	1489
2576	2576	2576	2507
2577	15	4	1534
2580	2580	2580	1431
2581	786	7	1
2582	78	78	2387
2583	453	453	453
2584	984	984	1
2585	29	1	1
2587	2587	2587	41
2588	11	4	1
2595	119	119	2235
2596	7	7	1742
2598	2598	2598	583
2599	2599	2599	1530
2601	29	1	918
2602	2602	2602	960
2603	386	78	1190
2605	2605	97	1975
2606	1703	1703	1703
2607	109	86	1657
2608	49	49	1
2610	2610	4	1762
2612	7	7	2306
2613	110	110	2532
2614	2614	2614	1
2615	2615	2615	358
2616	78	78	1224
2618	256	4	1474
2619	2619	1440	1440
2620	2620	2620	1
2621	11	4	1672
2624	2624	128	128
2627	2627	2627	2302
2628	897	208	2485
2629	416	183	416
2630	475	475	2118
2631	169	7	178
2632	357	67	1
2633	2633	2633	731
2634	7	7	1
2635	493	493	894
2638	2638	1056	1056
2639	2639	2639	1
2642	1420	1420	1420
2644	2644	643	643
2646	7	7	1470
2647	643	643	643
2648	383	383	678
2649	91	91	1102
2651	1877	7	1885
2652	139	139	874
2653	2244	4	484
2654	65	65	2421
2656	2656	2656	1
2657	214	214	1
2661	2661	2661	1870
2662	2662	2662	482
2663	2663	78	1306
2664	2664	2664	1
2665	1966	31	1
2666	198	198	2096
2667	994	994	994
2668	369	369	1
2669	1	1	2528
2670	740	740	1
2672	1886	31	536
2673	1	1	1843
2674	2674	2674	1343
2675	530	530	530
2678	2678	2678	1
2679	2679	2679	683
2680	2680	837	1
2682	1	1	1
2683	2683	1	1075
2684	231	231	1
2685	7	7	1947
2686	67	67	375
2687	2687	7	1
2688	31	31	2223
2689	722	97	1
2690	2690	2690	438
2691	2691	2691	1153
2694	89	89	1
2695	2695	2695	692
2696	1283	1283	1
2697	2697	2697	2185
2698	454	454	454
2699	2699	2699	2620
2700	2700	1	425
2701	157	157	1464
2702	16	1	385
2706	305	305	305
2707	249	249	2409
2708	2708	4	1
2709	132	7	830
2710	796	796	796
2711	1022	1022	1
2712	2712	2712	1
2713	275	275	1
2714	1339	4	1
2715	1754	204	1754
2719	29	1	2010
2720	2720	2720	1
2722	1055	1055	1055
2723	714	714	1215
2724	2724	2724	2128
2726	453	453	453
2727	735	4	1821
2729	2729	564	1
2730	2730	1286	1286
2731	2731	2731	1
2732	786	7	2581
2734	91	91	2602
2735	86	86	1739
2736	299	299	2477
2737	958	7	1
2738	2738	2738	1437
2739	2739	1	1
2740	1118	1118	2154
2741	92	92	1906
2742	2742	2742	642
2743	498	147	498
2744	93	7	93
2745	1977	4	1977
2746	2746	86	1739
2748	1361	1361	1361
2749	1886	31	953
2751	207	38	1
2752	1524	1524	1
2754	78	78	2157
2755	313	313	313
2757	2757	863	2446
2759	76	76	76
2760	2760	2760	2740
2761	2761	2761	2355
2762	2762	2762	1
2763	2763	2763	2430
2764	530	530	1
2766	2766	2766	2019
2767	29	1	1999
2768	1451	1	1451
2769	1	1	1
2770	564	564	2729
2771	2771	110	754
2774	279	279	1
2775	2775	2775	586
2776	3846	205	1788
2778	2778	2778	1494
2779	128	128	128
2780	2780	1	2537
2781	2781	2781	520
2782	2155	4	2405
2783	2783	2783	76
2784	7	7	2130
2785	2785	2785	1716
2786	78	78	1
2787	2787	2787	1308
2788	2788	2788	1294
2789	67	67	67
2790	29	1	1325
2793	295	1	1
2794	1382	1382	1382
2795	545	545	1405
2796	2476	2476	2476
2798	135	19	1
2799	2799	1	1679
2800	786	7	1064
2801	386	78	2290
2802	2802	2802	2189
2803	22	4	1935
2804	611	611	1
2805	1	1	2432
2806	2806	2806	1918
2807	2807	2807	2011
2809	513	513	1
2810	130	130	2317
2811	1034	27	1
2812	1728	1728	1728
2813	2813	2813	1
2814	604	7	1203
2816	2816	2816	410
2817	97	97	1975
2818	871	131	1
2819	16	1	2260
2820	2820	116	2014
2821	662	662	662
2824	1056	1056	1056
2826	2826	1118	1
2828	2828	2828	1
2829	2829	714	1215
2830	576	576	576
2833	1107	7	1463
2834	22	4	1702
2835	2835	2835	1328
2836	16	1	511
2837	7	7	1188
2838	7	7	2064
2839	2839	2839	1406
2840	792	275	1
2841	383	383	2648
2842	1443	131	2818
2843	29	1	2027
2845	2389	1710	1
2846	2846	275	1
2847	29	1	346
2849	163	163	1
2851	1451	1	30
2852	91	91	2781
2853	1987	1987	1987
2854	11	4	1861
2856	2856	2856	1
2857	318	318	1237
2858	274	274	1907
2859	651	651	651
2860	2860	2050	2050
2863	29	1	1855
2864	775	1	1
2867	2867	4	1
2869	2869	497	1989
2870	2870	2870	182
2871	611	611	1
2874	2874	2874	2632
2876	2876	1	2397
2878	713	713	1
2881	2881	2881	1
2882	157	1	1397
2883	4	4	1
2884	2884	2884	994
2885	287	287	287
2887	2887	2887	904
2888	1771	1771	1771
2889	233	233	814
2891	1056	1056	2137
2893	1047	1047	1047
2895	29	1	918
2896	2896	190	2443
2898	1034	27	2021
2899	2899	2899	2556
2902	692	168	2695
2903	984	984	1
2904	2904	2904	2811
2905	585	585	1
2906	29	1	1389
2907	362	362	362
2910	958	7	1427
2911	2911	2911	1
2913	4	4	1106
2914	2914	2914	1572
2915	60	4	1744
2916	86	86	2227
2917	2917	1003	1003
2918	204	204	1114
2920	29	1	2691
2923	2923	2923	1
2924	318	318	318
2925	1034	27	2367
2927	410	410	2198
2928	823	823	823
2929	2929	2929	1
2930	2930	1	1328
2931	2931	2931	1117
2932	2932	130	1001
2934	2068	7	983
2936	2730	1286	1286
2937	240	29	1192
2938	2938	31	1586
2939	2939	2939	1
2940	2940	208	1
2941	3193	31	1
2943	2943	1	1
2944	60	4	2708
2946	316	316	1294
2947	2947	2947	336
2948	316	316	1294
2949	29	1	1561
2950	92	92	1906
2951	2951	2951	668
2953	410	410	2816
2954	2954	2954	822
2955	29	1	1284
2957	554	554	554
2958	274	274	1566
2960	2960	432	1655
2961	2961	2961	226
2962	132	7	1169
2964	7	7	366
2965	1768	1768	1768
2966	2966	4	2213
2968	109	86	2947
2969	4	4	1321
2971	65	65	65
2972	132	7	1
2976	545	545	2899
2978	110	110	2613
2980	308	308	1060
2981	109	86	391
2982	1034	27	1
2983	498	147	1059
2984	1886	31	1
2987	2987	2987	1590
2988	2988	2988	2327
2989	1024	86	1024
2990	1886	31	1886
2991	281	281	1
2993	2993	1	1
2994	2994	668	668
2995	29	1	548
2996	2996	2996	1568
2997	1001	130	1001
2998	29	1	2585
2999	158	158	290
3000	724	1	2895
3001	1862	1862	1
3002	29	1	184
3003	545	545	2795
3007	29	1	326
3008	238	238	729
3009	129	129	1
3010	29	1	1782
3011	137	137	137
3013	87	4	2105
3015	29	1	1
3016	3016	3016	394
3018	863	863	2757
3019	3019	3019	1971
3020	17	17	400
3021	3021	4	1985
3023	3023	3023	1471
3024	507	1	1
3025	129	129	1
3026	278	278	2239
3027	3027	3027	1985
3028	792	275	2321
3029	3029	3029	1
3031	1173	66	66
3034	205	205	1788
3035	3035	707	2264
3038	3038	3038	2469
3039	3039	150	150
3041	3041	4	2883
3042	3042	3042	1406
3043	214	214	1233
3044	1878	1	1
3045	3045	3045	2111
3046	1	1	1
3047	165	165	1
3048	1491	67	1
3049	1	1	1415
3050	1173	66	1
3051	27	27	1815
3052	29	1	1623
3053	369	369	844
3054	3054	4	1
3056	1908	1908	1908
3058	233	233	233
3060	3060	3060	2744
3061	3061	3061	1395
3062	3062	3062	3011
3063	700	277	2813
3064	497	497	1
3066	863	863	3018
3069	984	984	1
3070	29	1	201
3072	1759	230	1
3073	116	116	116
3074	67	67	1473
3075	3075	257	1
3076	3076	3076	1
3077	2181	2181	2181
3078	3078	3078	1
3079	3079	3079	1269
3080	3080	3080	1075
3081	3081	3081	2787
3082	75	4	2070
3083	1	1	1152
3085	3085	3085	2241
3086	3086	3086	2882
3087	1172	1	1172
3088	3088	3088	1
3089	27	27	1
3090	3090	796	1
3091	256	4	2618
3093	75	4	1784
3094	1039	1039	1039
3095	3095	544	1
3096	642	134	1
3097	399	19	2156
3099	3099	3099	3088
3100	3100	3100	511
3102	3102	130	794
3103	386	78	1
3105	15	4	15
3106	1	1	1
3107	544	544	2371
3108	3022	4	3054
3109	35	4	1435
3110	318	318	318
3111	502	502	2515
3112	3112	4	1958
3113	3113	3113	1
3115	3115	3115	1
3116	584	584	2263
3117	3117	3117	1
3118	20	20	2807
3119	128	128	2430
3120	3120	3120	804
3121	7	7	1470
3122	273	273	1
3123	642	642	2742
3124	3124	3124	1305
3126	3126	3126	1521
3127	115	115	1
3128	786	7	529
3129	731	296	2633
3130	78	78	1224
3131	1278	1278	1278
3132	667	667	667
3133	3133	3133	1
3134	3134	557	557
3135	22	4	1
3136	1	1	1835
3137	29	1	908
3139	277	277	277
3142	3142	3142	614
3143	3143	3143	277
3144	3144	275	2840
3147	215	1	1
3148	437	437	1
3149	3149	3149	1
3150	257	257	1399
3151	29	1	1
3152	383	383	2648
3153	1890	1890	1890
3154	544	544	1266
3155	228	228	1
3156	3156	1	2161
3157	3157	4	75
3158	73	73	1
3159	1779	1779	2402
3160	3160	3160	1677
3161	78	78	1
3162	1	1	533
3163	222	222	2414
3164	256	4	3091
3165	1589	1589	1
3166	11	4	82
3167	3167	3167	1383
3169	792	275	2840
3170	3170	1	1
3171	3171	3171	2387
3172	435	435	2422
3175	3175	502	2037
3177	78	78	2785
3178	3178	3178	2170
3179	1169	1169	1169
3186	3186	214	1979
3187	3187	86	86
3188	251	78	1
3189	3189	3189	1452
3190	113	1	490
3191	3191	3191	1414
3192	92	92	1961
3193	3193	31	1
3195	489	489	489
3196	38	38	1
3197	335	335	1
3198	3198	3198	2644
3199	113	1	167
3200	696	696	2292
3202	175	4	1338
3203	3203	3203	1
3204	1589	1589	1
3207	3207	1	1858
3208	3208	3208	3130
3209	1	1	3106
3210	1480	1	2512
3211	1886	31	2990
3212	498	147	1
3213	29	1	1
3214	638	31	2688
3215	713	713	834
3219	27	27	3051
3220	3220	3220	2828
3221	3221	3221	2142
3222	4900	86	2989
3223	3223	3223	321
3225	3225	3225	2954
3226	274	274	1404
3227	731	296	1
3229	97	97	1
3231	3231	28	1
3232	3232	3232	2598
3234	544	544	1290
3235	3235	7	261
3236	89	89	1
3237	3237	3237	2388
3238	697	697	1807
3240	3240	3240	2870
3241	168	168	1
3242	1	1	1
3245	419	4	1429
3247	29	1	1679
3248	3248	1	2161
3249	65	65	759
3250	29	1	1
3251	132	7	1763
3252	139	139	1
3253	313	313	2755
3254	1547	277	2170
3255	3255	131	2842
3256	3256	3256	686
3257	7	7	772
3259	1718	537	1718
3260	3260	7	1168
3262	3262	3262	62
3264	3264	3264	2972
3265	1432	4	2158
3266	3266	157	1
3267	281	281	1
3268	3268	3268	2283
3269	2332	67	2332
3270	78	78	1
3274	386	78	3038
3275	3275	129	1029
3276	274	274	2384
3277	1383	713	2878
3278	3278	3278	2369
3279	16	1	30
3280	3280	97	2605
3281	29	1	2353
3282	3282	545	3003
3283	1	1	3210
3284	697	697	3238
3285	153	1	511
3289	1105	1105	1433
3290	1600	1600	1600
3291	3291	3291	2543
3292	274	274	807
3293	3293	3293	1
3296	128	128	2101
3297	2700	1	2768
3298	147	147	1
3299	3299	3299	41
3301	1977	4	1977
3302	427	78	1422
3303	3303	7	2634
3304	3304	3304	3117
3305	3305	3305	362
3306	3306	139	2169
3307	27	27	1
3308	1677	1677	1677
3309	134	134	1921
3310	327	20	1
3311	1	1	1209
3312	1548	1548	1548
3313	1332	1332	1332
3315	582	147	1
3316	3316	3316	2025
3317	3317	328	1
3319	3319	3319	1
3320	3320	497	497
3321	29	1	3010
3323	3323	130	1543
3324	3324	3324	1550
3325	65	65	712
3326	314	196	1625
3327	78	78	1115
3328	3328	3328	1323
3330	656	656	1
3331	3331	3331	1419
3332	786	7	1982
3333	313	313	3253
3334	249	249	1268
3336	1865	636	636
3337	3337	7	1577
3338	3338	7	1592
3339	128	128	1
3340	2757	863	3066
3341	240	29	3324
3342	3342	3342	3046
3343	3343	65	2654
3344	896	7	1
3346	119	119	2595
3347	502	502	2515
3348	3348	3348	1
3349	222	222	222
3350	112	112	112
3353	1977	4	2745
3354	386	78	1
3357	299	299	2477
3359	1287	1	2211
3360	3360	3360	643
3361	49	49	1
3364	28	28	468
3365	1	1	2496
3366	3366	1	1074
3367	240	29	2937
3368	3368	3368	2327
3369	362	362	362
3370	3370	3370	1778
3371	638	31	1
3372	3372	757	1
3373	3373	1653	1
3374	1577	7	3337
3375	513	513	1
3376	3376	554	554
3380	3380	3380	1289
3381	3381	3381	1062
3382	383	383	3152
3383	3383	49	1
3384	3384	231	1554
3385	3385	3385	3237
3386	3386	3386	2619
3387	295	1	2793
3389	3389	3389	3044
3390	78	78	3038
3392	1443	131	1708
3393	147	147	1544
3394	785	284	2488
3395	713	713	1
3396	153	1	1
3397	3397	188	188
3398	92	92	1
3399	29	1	2559
3400	3400	3400	1
3401	556	556	1
3402	113	1	1
3403	224	224	224
3404	3404	110	857
3405	731	296	1
3406	7	7	2340
3407	231	231	3384
3408	3408	3408	1
3409	233	233	3058
3411	11	4	1338
3414	2389	1710	2845
3415	3415	3415	539
3416	3416	3416	1
3417	435	435	1
3418	1547	277	2170
3419	3419	383	3152
3420	3420	2167	1
3421	169	7	169
3422	87	4	2105
3423	3423	7	169
3424	1754	204	1754
3425	3425	3425	1965
3426	3426	3426	1634
3427	29	1	486
3428	792	275	3169
3429	3429	3429	1
3431	3431	1	1389
3432	638	31	1
3434	2031	2031	1
3436	183	1	3304
3437	29	1	479
3438	1908	1908	3056
3440	3440	493	1819
3441	3441	28	3364
3443	340	340	1
3444	1547	277	2170
3445	1	1	1
3446	3446	3446	1
3447	3447	3447	1604
3448	27	27	1815
3451	112	112	3350
3452	801	801	1
3453	4	4	614
3454	609	609	1
3455	49	49	3076
3456	3456	3456	2846
3457	3457	3457	1177
3459	7	7	1
3460	3460	3460	1215
3461	168	168	2103
3462	29	1	1894
3463	17	17	3020
3466	3466	4	964
3467	7	7	1
3468	7	7	3303
3469	228	228	1
3471	686	1	3256
3472	1987	1987	2853
3473	1245	1245	1
3474	73	73	1662
3475	78	78	3270
3480	3480	3480	3405
3481	4	4	521
3482	3482	3482	1
3483	169	7	2631
3484	564	564	1
3487	3487	3487	1
3488	571	214	2383
3489	318	318	3110
3491	3491	4	1
3493	435	435	2013
3494	915	110	2535
3495	1	1	1878
3496	3496	3496	786
3499	397	397	397
3500	1015	1015	1015
3501	399	19	2156
3502	3502	3502	2656
3503	7	7	1
3504	1583	1583	1583
3505	3505	3505	2680
3507	3507	3507	2427
3508	1200	1200	1200
3510	3510	27	2811
3511	175	4	1333
3512	3512	1	2533
3513	2061	2061	1
3516	3516	3516	493
3517	1	1	1
3518	62	62	62
3519	226	226	2961
3520	110	110	2613
3522	638	31	1
3523	3523	3523	1
3525	493	493	1745
3526	3526	3526	1369
3527	3527	3527	2939
3528	3528	275	1
3529	1	1	2305
3530	3530	7	776
3533	1115	78	1115
3534	3534	1091	1794
3535	1	1	2095
3538	3538	4	1911
3539	3539	3539	1
3540	7	7	1
3541	2465	2465	2465
3542	3542	3542	2394
3543	233	233	3058
3544	3544	3544	2488
3545	1	1	1
3546	182	4	2105
3547	3547	1	3223
3550	638	31	3522
3553	3553	3553	1
3555	3555	3555	2393
3556	29	1	1209
3557	3557	3557	3489
3558	3558	3558	1486
3559	3559	584	3116
3560	158	158	458
3561	7	7	3423
3564	29	1	2669
3565	194	194	194
3566	668	668	926
3567	109	86	191
3568	29	1	1
3569	2221	2221	2221
3570	544	544	2214
3573	3573	1131	1131
3574	582	147	1
3575	7	7	2468
3576	7	7	3467
3577	3577	3577	2706
3578	3578	3578	1
3580	3580	3580	598
3581	3581	274	1042
3583	604	7	1
3584	2265	2265	1
3585	3585	3585	1068
3586	3586	3586	2966
3589	1446	27	2266
3590	29	1	2379
3591	378	378	378
3592	283	283	283
3593	3593	3593	2148
3594	29	1	3385
3596	1825	588	1825
3597	3597	3597	2795
3598	3598	3598	1779
3599	3599	7	2838
3601	60	4	1702
3602	3602	3602	3462
3603	435	435	3172
3604	544	544	3107
3605	1	1	3396
3606	29	1	2220
3608	3608	3608	251
3610	62	62	62
3612	31	31	536
3613	3613	3613	1264
3614	3614	3614	1
3615	3615	3615	3148
3616	3616	3616	2323
3617	1	1	2333
3618	3618	3618	1
3619	604	7	1368
3620	1033	147	3393
3621	73	73	2520
3622	3622	3622	1469
3623	3623	4	1407
3625	3625	2424	2424
3626	279	279	279
3628	3628	3628	3281
3629	1	1	295
3631	214	214	1
3633	29	1	1
3634	35	4	1
3635	2917	1003	2917
3636	2730	1286	2730
3637	336	86	2989
3638	2881	2881	2881
3639	1015	1015	2393
3641	1	1	2769
3642	3642	2077	2077
3643	87	4	1
3644	3644	3644	476
3645	3645	3645	2989
3646	3646	3646	3317
3647	16	1	385
3648	3648	3648	1338
3650	22	4	3135
3651	638	31	1139
3652	3652	86	3567
3654	4	4	1429
3655	1056	1056	1056
3656	1033	147	2049
3659	257	257	1
3660	84	67	1720
3661	28	28	2032
3662	3291	3291	3291
3663	75	4	2133
3665	134	134	1171
3666	4	4	3538
3668	67	67	2789
3669	3669	67	1491
3670	22	4	1707
3671	16	1	2243
3672	17	17	1178
3674	1703	1703	2606
3675	3675	3675	1
3676	435	435	3603
3677	3677	3677	1272
3679	29	1	2526
3680	644	1	3436
3681	362	362	362
3682	4	4	1378
3684	3684	1118	1
3685	3685	984	1
3686	3686	3686	1460
3687	4	4	2404
3690	168	168	1
3691	230	230	2525
3692	29	1	3564
3693	214	214	2657
3694	3054	4	123
3695	3695	3695	1
3696	3696	3696	368
3697	279	279	1
3699	222	222	1
3700	135	19	976
3701	489	489	489
3702	3702	7	2732
3703	27	27	2378
3704	3704	3704	3285
3705	638	31	3214
3706	3706	3706	792
3708	284	284	773
3709	656	656	3330
3710	1	1	3692
3712	29	1	1065
3713	3713	3713	1
3716	3716	584	584
3717	892	892	892
3718	3718	1	784
3719	29	1	3247
3720	322	322	322
3721	3721	3721	3680
3722	586	1	1
3724	3724	3724	336
3725	135	19	1
3726	134	134	1905
3727	29	1	1
3728	158	158	2999
3729	3729	1118	2154
3730	571	214	1979
3731	369	369	3053
3732	3732	86	191
3733	1056	1056	2137
3734	279	279	2256
3735	110	110	1330
3736	4	4	294
3737	3737	31	2749
3739	545	545	2795
3740	2797	1	1
3741	49	49	2500
3742	3742	3742	1
3744	3744	3744	3046
3746	3746	2017	2017
3747	7	7	2450
3748	35	4	1762
3749	65	65	2421
3750	1711	1711	1
3751	27	27	1281
3752	3752	3752	1804
3753	109	86	3567
3754	49	49	3455
3755	2115	228	3155
3756	3756	1575	2390
3757	62	62	3518
3758	128	128	3296
3759	3759	31	2941
3761	3761	3761	1
3762	76	76	1809
3763	78	78	3274
3764	87	4	3422
3765	3765	3765	2288
3766	97	97	2562
3768	539	7	3415
3770	3770	147	2299
3771	545	545	3003
3772	1	1	1
3773	29	1	2425
3774	3774	3774	169
3776	29	1	3396
3777	157	157	1464
3778	277	277	3143
3779	3779	3779	278
3780	3780	1771	2888
3782	3782	3782	1973
3783	110	110	2613
3784	1740	158	1941
3785	3785	134	1069
3786	3786	3786	1
3787	3787	3787	1
3788	1	1	2805
3789	110	110	1993
3791	3791	3791	3757
3792	1148	7	2468
3793	3793	3793	3747
3794	374	165	2084
3795	901	901	2416
3796	3796	3796	1290
3797	475	475	2118
3798	132	7	2972
3799	3021	4	182
3800	3800	1703	3674
3801	29	1	2036
3802	609	609	3454
3803	78	78	2157
3805	222	222	3349
3806	7	7	1
3807	3807	3807	821
3808	3808	1	2537
3809	1001	130	2810
3810	2988	2988	2988
3811	29	1	2425
3812	22	4	3601
3813	3813	3813	2902
3814	3814	3814	1
3815	3815	3815	3709
3816	41	41	1313
3817	634	16	1
3819	3819	3819	607
3820	166	166	2939
3821	29	1	1645
3822	29	1	1
3823	2125	2125	2125
3824	1033	147	659
3825	3825	3825	1
3826	2181	2181	3077
3827	19	19	2082
3828	1332	1332	3313
3829	374	165	2084
3830	92	92	2950
3831	3831	1	1
3832	1	1	3024
3833	1771	1771	3780
3834	383	383	2648
3835	1033	147	659
3836	3836	3836	3078
3837	38	38	3331
3838	3838	3838	3503
3839	1	1	1
3841	3841	3841	3375
3842	2720	2720	2720
3845	153	1	1
3846	3846	205	3034
3848	2202	112	112
3849	2053	1	1
3850	3850	97	1
3852	3852	3852	1
3853	3853	3853	1718
3854	3854	3854	3545
3855	3054	4	3054
3856	3856	3856	2746
3857	3857	3857	1
3859	2517	2517	2517
3860	3860	3860	1763
3861	2219	1	2026
3862	1355	1	1355
3863	153	1	1
3864	35	4	3021
3866	713	713	1
3867	696	696	1469
3868	4	4	244
3869	3869	3869	1
3870	65	65	3749
3871	1034	27	2021
3872	92	92	3398
3873	3873	3873	1
3874	3874	3874	3687
3875	240	29	3324
3876	2326	2326	2326
3877	29	1	2372
3878	1521	1521	1521
3879	3879	3879	2084
3880	3880	3880	1
3882	67	67	718
3883	3883	3883	807
3884	3884	1	3304
3885	67	67	1691
3886	1015	1015	3639
3887	1629	1629	1
3888	130	130	1
3889	314	196	954
3890	3890	3890	1
3891	1	1	1
3892	279	279	2774
3893	3893	3893	1
3894	2286	2286	2286
3897	2833	7	2833
3898	513	513	3375
3899	7	7	2468
3900	132	7	1
3901	88	4	1
3902	489	489	489
3903	7	7	3530
3904	3904	3904	2668
3905	1420	1420	1420
3906	585	585	1
3907	2442	2442	1
3908	2720	2720	3842
3909	3909	3909	2276
3910	274	274	2858
3911	3911	3911	2732
3912	497	497	1
3913	3913	3913	1
3914	3914	3914	1
3915	3915	3915	3266
3918	29	1	1
3919	3919	3919	610
3920	758	110	1820
3921	233	233	2889
3923	3923	1908	3873
3925	3925	3925	2883
3926	128	128	3758
3927	4	4	294
3928	3928	67	1223
3929	1491	67	1491
3931	386	78	1984
3932	87	4	1744
3933	29	1	2149
3934	3934	267	267
3935	3935	3935	2358
3936	29	1	1209
3937	537	537	1718
3938	60	4	614
3939	3939	3939	3123
3940	580	580	580
3941	3623	4	1
3942	3942	3942	1
3944	1	1	3250
3945	27	27	2378
3946	3946	3946	1137
3947	2326	2326	3876
3948	1	1	3772
3949	3949	3949	1
3950	724	1	1
3951	3951	4	1
3954	3954	3954	3946
3955	3955	3955	3654
3957	3957	3957	1440
3958	3958	275	1235
3959	386	78	1
3960	3960	3960	3283
3961	3961	3961	1
3962	16	1	385
3963	17	17	1178
3964	3964	602	2558
3965	758	110	2143
3966	2720	2720	3908
3967	65	65	3249
3969	3969	3969	2217
3970	3970	3970	1
3971	3971	3971	3626
3973	791	791	1569
3974	3974	3974	552
3975	544	544	3154
3976	3976	168	3241
3977	3303	7	3468
3978	3978	4	1
3979	86	86	3913
3981	29	1	929
3982	3982	544	3234
3984	586	1	2775
3985	3985	3985	2876
3986	3986	277	3418
3987	166	166	2661
3989	3989	3989	1
3990	2832	2832	1
3993	3993	188	3397
3994	2797	1	3831
3995	73	73	2534
3996	1524	1524	2752
3997	7	7	1
3998	1258	78	3171
3999	3999	3999	2476
4000	130	130	1624
4002	1	1	929
4003	4003	4003	2587
4004	7	7	3503
4005	472	130	1406
4006	67	67	2315
4007	16	1	3207
4009	4009	4009	1138
4010	4010	220	220
4011	4011	4011	3045
4012	4012	1	3944
4013	29	1	1084
4014	4014	1	3151
4015	1908	1908	3923
4017	198	198	198
4018	168	168	1957
4019	840	840	2323
4020	4020	4020	2790
4022	29	1	850
4023	1107	7	1203
4024	141	141	1963
4026	2934	7	2934
4027	1107	7	2308
4028	4028	4028	1974
4029	852	852	852
4030	4030	238	729
4031	792	792	792
4033	1589	1589	3165
4034	29	1	1878
4036	28	28	1227
4037	129	129	409
4038	4038	4038	3078
4040	29	1	2455
4041	774	7	1482
4042	1166	1166	2345
4043	1977	4	3648
4044	29	1	1
4046	86	86	86
4047	29	1	2140
4048	1644	1644	1644
4050	157	157	3266
4051	262	262	1
4052	73	73	1341
4053	4053	4053	3990
4054	4054	7	1392
4055	49	49	1674
4058	758	110	758
4059	1886	31	2984
4060	132	7	2887
4061	791	791	2491
4062	86	86	3979
4063	2311	2311	1
4064	4151	404	404
4066	4066	4066	3857
4067	49	49	3361
4070	4	4	523
4071	1	1	3170
4072	29	1	392
4073	29	1	2260
4075	2693	2693	1
4076	1247	1247	1247
4077	29	1	3342
4078	1663	1663	1663
4082	4082	4082	1200
4083	41	41	41
4084	1	1	2095
4085	4085	4085	520
4086	1865	636	1865
4087	2543	67	1142
4088	2757	863	2757
4089	4089	86	2968
4090	4090	4090	1
4091	4091	4091	4027
4092	4092	4092	1044
4093	1020	7	1077
4094	4094	86	4089
4096	20	20	1
4097	4	4	3925
4098	713	713	1
4099	1287	1	1
4103	128	128	1
4104	4104	115	115
4105	979	979	1
4107	7	7	1428
4108	1118	1118	2318
4109	31	31	3612
4110	22	4	1897
4111	4111	4111	1813
4112	86	86	1
4113	29	1	1
4114	2223	31	2223
4115	113	1	1
4116	1534	1534	1534
4117	1106	4	2913
4119	4119	274	1042
4120	4120	4120	2404
4121	4121	4121	998
4124	527	527	527
4125	2922	4	3023
4127	4127	1	1
4128	4128	4128	4052
4129	4129	19	1
4130	214	214	817
4131	29	1	1580
4132	4132	4132	513
4133	1	1	1366
4134	128	128	1
4135	113	1	3722
4136	267	267	267
4137	755	130	1
4138	205	205	1
4139	4139	139	1
4140	4140	4140	273
4141	4141	4141	351
4144	1	1	2186
4145	4145	4145	1869
4146	4146	4	3013
4148	73	73	3995
4149	60	4	1
4150	1498	1498	1498
4151	4151	404	4064
4152	786	7	3911
4154	697	697	1
4155	4155	4155	1081
4156	584	584	1
4157	7	7	4026
4158	711	19	1
4159	22	4	1702
4160	4160	4160	3019
4161	129	129	1363
4162	1	1	3936
4163	49	49	3754
4165	544	544	955
4166	4166	1816	1
4167	4167	316	2946
4169	166	166	1870
4170	4170	4170	1
4171	2797	1	512
4172	386	78	1306
4174	4174	7	2651
4176	1653	1653	3373
4177	498	147	1
4178	4178	2326	3876
4179	67	67	1
4180	49	49	3754
4181	1959	1959	1959
4182	226	226	226
4183	556	556	3401
4184	73	73	1995
4185	4185	4185	2443
4186	465	465	1085
4187	1339	4	1
4188	2326	2326	3947
4190	432	432	2499
4191	4191	1	3535
4193	4193	4193	2547
4194	109	86	3567
4195	564	564	1
4196	1091	1091	3534
4198	4198	4198	1277
4200	28	28	2058
4201	516	19	1
4202	4202	4202	1
4205	699	699	699
4207	231	231	3407
4208	357	67	2632
4209	1136	1136	2283
4210	1355	1	1355
4211	132	7	93
4212	2869	497	2869
4213	113	1	490
4215	1586	31	4059
4216	67	67	368
4217	374	165	1
4218	786	7	4152
4219	4219	4219	1429
4220	336	86	1217
4221	697	697	2505
4222	29	1	4162
4223	4223	65	712
4225	828	1	1
4226	1420	1420	2642
4227	27	27	1815
4228	958	7	1
4230	823	823	2928
4231	327	20	327
4232	287	287	2885
4233	4233	1	1072
4234	513	513	3898
4235	589	589	589
4237	1998	7	1998
4238	4238	296	1
4239	696	696	1469
4240	866	214	2383
4241	4241	432	2499
4242	1169	1169	1169
4243	129	129	1
4244	1	1	471
4245	316	316	1294
4246	3303	7	3468
4247	316	316	4167
4248	29	1	4233
4250	78	78	3270
4251	29	1	3015
4252	4252	4252	1357
4253	129	129	939
4255	29	1	3547
4259	29	1	2526
4260	1	1	3365
4261	1343	1343	1343
4262	4262	4262	1
4263	656	656	3709
4264	388	1	1
4265	29	1	2144
4266	1570	1570	1
4269	279	279	3734
4270	29	1	2080
4271	4	4	15
4272	4272	254	1
4273	1663	1663	4078
4274	314	196	1018
4275	783	1	783
4277	475	475	1
4278	1173	66	3050
4279	4279	4279	2169
4280	27	27	2447
4281	1	1	3083
4282	4282	4282	147
4283	1091	1091	1091
4285	4285	7	4174
4286	305	305	1
4289	86	86	4046
4290	4290	4290	1543
4291	168	168	3690
4292	29	1	1
4293	4293	513	513
4294	132	7	1577
4295	4129	19	1
4296	4296	2528	2528
4297	4297	4297	3934
4298	4	4	3687
4300	1	1	1
4301	2974	1	1
4302	132	7	1108
4303	4303	4303	3119
4304	4304	4304	2191
4305	1056	1056	3655
4306	29	1	3137
4307	4307	4307	1
4309	182	4	3240
4310	4310	4310	2672
4311	4311	535	1143
4313	4313	4313	1145
4314	4314	4314	2682
4315	3100	3100	3100
4316	299	299	2736
4317	3542	3542	3542
4318	686	1	3248
4319	4319	4319	251
4321	758	110	2121
4322	650	650	650
4323	7	7	4060
4324	1022	1022	3695
4325	92	92	1906
4326	1067	1067	1067
4329	4329	4329	2375
4330	4330	31	1
4331	3054	4	3054
4332	4332	7	1
4333	4333	31	4215
4335	153	1	1308
4337	837	837	3505
4338	4338	4338	1535
4340	4340	4340	3784
4342	4342	1	2775
4343	785	284	3394
4344	1	1	1
4345	1169	1169	3179
4346	1118	1118	2740
4347	2332	2332	2332
4348	287	287	287
4349	399	19	3097
4350	4350	4350	3727
4351	29	1	2700
4352	1	1	1
4353	4353	2326	3947
4354	129	129	4243
4356	130	130	1
4358	3113	3113	3113
4359	1047	1047	2551
4360	4360	537	1176
4361	774	7	4041
4362	4362	67	3074
4363	646	646	1
4364	109	86	3724
4366	4366	91	338
4367	44	44	2435
4368	28	28	3364
4369	4369	424	3079
4370	4370	4370	1501
4371	1	1	3517
4372	544	544	3107
4373	1633	4	1435
4374	3360	3360	3360
4375	4375	4375	1
4376	89	89	1
4377	431	139	2042
4379	1426	1426	1426
4380	399	19	1
4381	29	1	2697
4382	4993	1	1
4383	249	249	1
4384	557	557	557
4385	4385	4	2213
4386	1339	4	2454
4389	4389	1808	1808
4390	182	4	4097
4391	388	1	4264
4392	240	29	3341
4393	73	73	4128
4394	29	1	3247
4395	7	7	1
4396	4396	204	1754
4397	1577	7	3977
4398	4398	4398	2830
4399	4399	86	4094
4400	431	139	4377
4403	2023	2023	2023
4405	110	110	1
4406	758	110	3920
4407	4407	4407	1
4409	1350	1350	1350
4410	214	214	1
4411	7	7	3786
4412	4412	4412	1708
4413	67	67	2335
4414	4414	1	3944
4415	828	1	1
4416	92	92	2950
4417	109	86	3732
4418	1908	1908	4015
4419	866	214	1
4420	1	1	4013
4421	134	134	3309
4423	277	277	1
4424	29	1	1209
4425	1172	1172	1172
4426	502	502	2639
4427	31	31	2749
4428	4428	4428	2318
4429	4429	4429	4138
4430	421	128	4134
4431	115	115	1
4432	29	1	1
4434	1056	1056	2891
4435	4435	4435	2095
4437	644	1	1
4438	4438	4438	1
4439	4439	4439	1
4440	1570	1570	4266
4441	1106	4	1106
4443	4443	86	4399
4444	1958	1958	1958
4445	4445	196	3889
4446	369	369	3053
4447	4447	4447	1
4448	478	478	1053
4450	571	214	293
4451	4451	4451	3463
4452	604	7	2833
4453	129	129	3025
4454	16	1	3207
4455	22	4	4125
4456	957	957	2128
4457	29	1	670
4458	4458	504	504
4459	73	73	1
4461	2219	1	2219
4464	4464	92	1906
4465	4465	4465	3401
4467	4467	4467	3651
4468	4468	1	1
4469	7	7	1654
4470	4470	277	3063
4471	5774	129	272
4472	1056	1056	2248
4473	4473	564	1
4474	254	254	574
4475	110	110	2613
4476	2260	1	2260
4477	1166	1166	4042
4478	4478	73	1662
4479	410	410	2198
4480	4480	4480	3209
4481	714	714	3348
4483	1274	134	1274
4485	1480	1	1480
4486	78	78	3161
4487	1083	1	1083
4489	4489	31	953
4491	544	544	3570
4492	4492	214	817
4494	1491	67	3669
4495	4495	1	4270
4496	29	1	1
4497	416	183	2629
4498	4498	713	1383
4499	198	198	2096
4500	3919	3919	3919
4501	29	1	4040
4503	502	502	2639
4504	4504	129	4253
4505	1034	27	3510
4506	1421	713	3866
4507	2092	2092	2092
4508	7	7	2340
4509	4509	214	3631
4511	109	86	3732
4512	4512	1022	1022
4513	2816	2816	2816
4514	262	262	4051
4515	29	1	3010
4516	498	147	1593
4517	76	76	76
4518	4518	131	4412
4519	1	1	1
4520	383	383	3152
4521	3291	3291	3291
4522	2566	4	2566
4523	130	130	2369
4524	504	504	504
4525	135	19	1770
4526	4526	4526	872
4527	1886	31	4059
4529	644	1	2000
4530	93	7	2744
4531	129	129	1
4532	4532	714	4481
4533	564	564	3484
4534	790	790	790
4535	4535	4535	3601
4536	369	369	1
4537	4537	4537	244
4538	1792	1105	1
4540	634	16	3817
4541	2196	4	4149
4542	129	129	3025
4543	724	1	1
4544	1	1	295
4547	4547	4547	2653
4548	2644	643	3198
4549	67	67	717
4550	910	910	1386
4551	2196	4	4541
4552	157	157	2701
4553	4553	4553	1
4554	7	7	3381
4555	915	110	1993
4556	3102	130	1406
4558	4558	699	4205
4559	1033	147	3824
4560	4560	4560	2444
4561	29	1	4133
4562	16	1	4454
4564	2615	2615	2615
4565	656	656	3330
4566	110	110	1
4567	35	4	1
4569	4569	1	1075
4570	711	19	1
4571	168	168	1
4572	416	183	1
4573	214	214	2657
4574	3819	3819	3819
4575	4575	4575	1770
4576	113	1	1
4577	182	4	1
4578	7	7	1649
4579	29	1	822
4580	758	110	4321
4581	65	65	3749
4582	4166	1816	4166
4583	1754	204	4396
4584	28	28	4368
4587	1915	91	1915
4588	792	275	3028
4589	4589	602	602
4590	17	17	1178
4591	92	92	1929
4592	1547	277	1547
4593	686	1	3471
4594	4594	1	4350
4595	29	1	869
4597	544	544	1
4598	175	4	1
4599	7	7	4508
4600	852	852	852
4601	2963	1589	1
4602	638	31	1
4603	4603	200	1
4604	60	4	1601
4605	274	274	3276
4606	4606	4606	2673
4607	465	465	1085
4609	1131	410	1
4610	128	128	3758
4612	31	31	1
4613	4613	1583	3504
4614	3075	257	3075
4615	1128	1128	1
4616	158	158	458
4617	7	7	3838
4618	537	537	1
4619	1421	713	3215
4620	314	196	1625
4621	4621	4621	3601
4622	11	4	1693
4623	1238	238	1238
4624	207	38	1
4625	1570	1570	1
4626	1917	130	1406
4627	3360	3360	3360
4628	27	27	2565
4629	758	110	3965
4630	2030	19	2030
4631	116	116	116
4632	257	257	1
4633	4633	1015	1015
4634	1332	1332	1332
4635	1	1	3283
4636	786	7	3702
4637	1494	1	2146
4638	2419	1	2419
4639	1	1	1152
4642	7	7	2450
4643	7	7	776
4644	1118	1118	2740
4645	410	410	2953
4646	3239	3239	1
4647	4647	4647	2774
4648	571	214	3488
4649	4649	4649	3029
4650	782	782	782
4651	454	454	454
4652	130	130	2598
4654	4	4	3654
4655	4655	979	1
4656	1589	1589	4033
4657	295	1	4529
4658	4	4	1
4659	476	476	476
4660	3303	7	1
4662	67	67	3668
4663	256	256	256
4664	1985	1985	1985
4665	789	789	789
4669	4669	233	233
4670	399	19	3097
4671	1	1	1650
4672	1056	1056	2137
4673	228	228	3755
4674	4880	369	1121
4675	92	92	1961
4676	1589	1589	3408
4678	4678	4678	3869
4679	435	435	3603
4680	7	7	1
4681	377	377	377
4682	2778	2778	2778
4683	2556	2556	2556
4684	927	927	927
4687	179	179	179
4688	586	1	586
4689	336	86	336
4690	110	110	2613
4691	549	549	549
4693	823	823	1
4694	1966	31	2665
4696	274	274	978
4697	4697	1	1837
4698	638	31	3214
4699	4699	4699	2010
4700	278	278	2239
4701	478	478	1053
4702	2034	1	1352
4703	4703	4703	1
4704	19	19	2234
4705	3544	3544	3544
4706	1886	31	2990
4707	644	1	3304
4708	4708	4708	3456
4709	1703	1703	3674
4710	497	497	497
4711	1	1	3529
4712	1451	1	1451
4713	4713	4713	305
4714	4714	1	2036
4715	582	147	2357
4716	22	4	1276
4717	1258	78	3935
4718	4718	1	486
4719	1091	1091	4283
4720	273	273	4140
4721	97	97	2817
4722	4722	4722	4097
4723	4723	4723	2372
4724	1166	1166	4477
4725	4725	4725	4053
4726	19	19	4570
4727	493	493	3516
4728	1	1	4170
4729	4729	4310	4310
4730	1385	19	1385
4731	4731	4731	2566
4733	95	95	95
4734	132	7	2130
4735	205	205	1
4736	1056	1056	4672
4738	279	279	4647
4739	3813	3813	3813
4740	29	1	3385
4742	493	493	3525
4743	1728	1728	1728
4744	4744	165	4217
4745	1	1	1
4746	384	384	384
4747	4747	1	3002
4749	796	796	2710
4750	284	284	773
4751	1	1	1
4754	287	287	2885
4755	287	287	2885
4756	661	1	1
4757	4757	4757	751
4758	4	4	1817
4760	4760	4760	1784
4763	349	127	1
4764	3360	3360	4627
4765	274	274	1
4766	713	713	3277
4767	1	1	1829
4768	233	233	3409
4769	2832	2832	3990
4772	29	1	1
4773	313	313	2272
4774	314	196	1456
4775	1173	66	4278
4776	1771	1771	2888
4778	3113	3113	3113
4780	4780	129	4161
4781	435	435	1
4782	638	31	4602
4783	11	4	3764
4784	638	31	3432
4785	4785	4785	4135
4786	1200	1200	1200
4788	502	502	4678
4789	711	19	3097
4790	4790	4790	2361
4792	4	4	4070
4793	4793	4	1897
4794	4794	4794	4109
4795	245	7	3337
4796	29	1	2222
4797	2832	2832	4769
4798	4798	4798	1
4799	2034	1	4703
4800	4800	4800	3763
4802	4	4	2229
4803	4803	4803	772
4804	4804	4804	2378
4805	287	287	4754
4807	153	1	3396
4808	119	119	3346
4809	29	1	3857
4810	643	643	2647
4811	4811	4811	2767
4812	1508	131	1
4814	299	299	1
4815	113	1	490
4816	4816	3100	3100
4817	4817	1	2669
4820	713	713	1
4821	29	1	3606
4822	1	1	4191
4823	4823	4823	3199
4825	4825	4	771
4826	7	7	1967
4827	147	147	1
4830	4830	4830	4808
4831	896	7	3344
4834	110	110	3783
4835	7	7	2687
4836	4836	901	2218
4837	35	4	3021
4838	272	129	1
4839	67	67	4362
4840	139	139	1712
4841	4	4	1530
4842	3577	3577	3577
4844	97	97	2463
4845	129	129	1
4846	872	872	4526
4847	4847	4847	2697
4848	2738	2738	2738
4849	4849	17	3463
4850	482	482	2662
4851	4851	4851	4274
4852	31	31	1736
4854	27	27	1145
4855	205	205	205
4856	2356	2356	2356
4858	2196	4	4149
4859	4859	65	759
4861	4861	284	2488
4862	28	28	3441
4863	4863	4863	1955
4864	374	165	3829
4865	60	4	3166
4866	92	92	1906
4867	1547	277	1547
4869	29	1	732
4870	1176	537	1176
4871	4871	277	1
4872	4872	1	4767
4873	299	299	4316
4874	4874	4874	4455
4875	7	7	4642
4876	4876	7	4228
4877	1360	1360	1360
4878	1	1	967
4879	7	7	2646
4880	369	369	2668
4881	830	830	830
4882	4882	4	3978
4883	1033	147	3824
4884	226	226	3519
4885	110	110	3783
4886	1563	1563	1
4887	129	129	4504
4888	758	110	4690
4889	386	78	2469
4890	2720	2720	2720
4891	29	1	3633
4892	1481	1481	1481
4893	4893	4893	3222
4894	4894	277	3778
4895	4895	274	1
4896	4896	4896	1702
4897	1728	1728	1728
4898	713	713	1
4899	435	435	3417
4900	4900	86	2968
4903	1	1	3948
4904	4904	4904	4659
4905	4905	2028	2028
4906	27	27	2982
4907	643	643	2647
4908	735	735	735
4909	278	278	2239
4910	29	1	2455
4911	606	606	1879
4912	1	1	4485
4913	399	19	4570
4914	29	1	1065
4916	4916	4916	3578
4917	2433	2433	2433
4918	137	137	3011
4919	214	214	3631
4920	3523	3523	3523
4922	1804	1804	1804
4923	544	544	1
4924	4924	4924	101
4925	2115	228	2115
4926	305	305	1
4927	2326	2326	4353
4928	65	65	3870
4929	4929	4929	1
4930	1345	1345	1345
4931	7	7	3793
4932	119	119	3346
4933	130	130	4652
4934	801	801	3452
4935	29	1	1
4936	2031	2031	3434
4937	794	130	1
4938	758	110	4058
4939	4939	4939	4013
4940	67	67	4662
4941	713	713	3277
4942	777	777	777
4943	4943	4943	3063
4944	4944	4944	2930
4945	786	7	4636
4946	4946	4946	1
4947	4947	4947	4598
4948	4948	1	1
4949	88	4	3901
4951	697	697	1807
4952	7	7	1470
4953	2996	2996	2996
4954	4954	1	593
4955	19	19	2542
4956	4956	4956	3576
4957	119	119	4932
4958	713	713	4098
4959	604	7	3583
4961	257	257	3659
4962	330	330	330
4963	2556	2556	4683
4964	3134	557	3134
4965	1001	130	2932
4966	397	397	3499
4967	1118	1118	2318
4968	97	97	2463
4969	4969	4969	4368
4970	134	134	1905
4971	2901	2901	1
4972	4	4	1378
4973	139	139	4840
4974	4974	493	1819
4975	377	377	377
4976	29	1	149
4977	4977	4977	2452
4978	233	233	3921
4980	135	19	976
4981	1744	1744	1744
4982	2476	2476	2796
4983	2610	4	2610
4985	4985	4985	1917
4989	4989	116	2044
4990	86	86	3222
4991	49	49	1893
4993	4993	1	4891
4994	699	699	4205
4996	1524	1524	1
4997	249	249	3825
4998	153	1	3396
4999	134	134	1905
5001	5001	5001	964
5002	29	1	4468
5004	2563	2563	2563
5005	964	964	964
5006	5006	86	391
5007	3317	328	3646
5008	29	1	1855
5009	166	166	3987
5010	5010	5010	2007
5011	369	369	4880
5012	27	27	1145
5013	5013	5013	4785
5014	308	308	1060
5015	915	110	915
5016	253	1	253
5017	1641	1641	1641
5018	31	31	1886
5019	5019	7	4228
5020	41	41	3299
5021	5021	5021	3501
5022	233	233	4669
5023	93	7	2744
5024	792	275	1
5025	29	1	1
5026	1589	1589	4676
5027	135	19	1
5028	1070	1070	1070
5029	5029	1105	4538
5032	2934	7	4026
5033	41	41	41
5034	638	31	4784
5035	5035	5035	3512
5036	205	205	2776
5038	1166	1166	4042
5039	731	296	4238
5040	113	1	4576
5041	3275	129	3275
5042	91	91	2734
5043	386	78	1306
5044	109	86	3187
5045	1	1	2348
5046	295	1	822
5047	530	530	530
5048	135	19	3700
5049	513	513	3841
5050	435	435	1388
5051	5051	5051	1169
5052	5052	5052	4033
5053	435	435	3172
5054	1	1	4822
5055	3412	3412	1
5057	5057	157	1464
5058	29	1	4993
5059	5059	643	4810
5060	3262	62	3262
5061	29	1	3773
5062	419	4	1431
5063	5063	5063	3115
5064	3193	31	2941
5065	169	7	2487
5066	5066	3813	4739
5067	281	281	281
5068	7	7	2814
5070	11	4	4145
5071	2610	4	4983
5072	1001	130	2932
5073	1173	66	4278
5074	5074	5074	2001
5075	129	129	4845
5076	29	1	1
5077	584	584	923
5078	5078	5078	1965
5080	29	1	3773
5081	435	435	4679
5082	731	296	3227
5083	496	1	496
5084	29	1	1480
5085	2556	2556	4683
5086	604	7	1369
5087	4012	1	4012
5089	135	19	3725
5090	35	4	4622
5091	1583	1583	3504
5092	29	1	1
5093	5093	5093	1047
5094	5094	5094	2915
5095	3618	3618	3618
5097	132	7	2972
5099	2813	277	2813
5100	5100	1	3950
5101	29	1	2700
5102	786	7	786
5103	5103	308	1
5104	5104	4	1
5105	1001	130	2932
5106	15	4	2577
5107	604	7	398
5108	1852	1852	1852
5109	994	994	2667
5110	5110	5110	4948
5112	1015	1015	3500
5114	5114	2587	2587
5115	109	86	2746
5116	5116	1	1731
5117	318	318	1237
5119	1200	1200	1200
5120	705	4	705
5121	1	1	4381
5122	5122	5122	4263
5123	277	277	3778
5124	964	964	964
5125	28	28	4368
5126	1886	31	3211
5127	1087	1087	1087
5129	29	1	2700
5130	1491	67	3669
5131	3282	545	3771
5132	2465	2465	2465
5133	5133	139	3306
5134	416	183	416
5135	5135	5135	4626
5136	5136	5136	4552
5138	5138	5138	726
5141	544	544	3982
5142	134	134	4999
5143	5143	5143	3797
5144	29	1	2398
5145	502	502	3482
5146	130	130	2810
5148	214	214	1
5149	78	78	3171
5150	713	713	4766
5151	5151	7	2737
5153	29	1	2065
5155	5155	92	2741
5156	4	4	3970
5157	35	4	5090
5158	251	78	3203
5159	41	41	4003
5160	67	67	67
5161	113	1	3007
5162	1257	367	1257
5163	2766	2766	2766
5164	1172	1172	4425
5165	1886	31	1
5166	498	147	1059
5167	1047	1047	1047
5168	5168	1	1
5169	4090	4090	4090
5171	1903	1903	1
5172	4	4	3491
5173	1985	1985	1985
5174	2223	31	2437
5175	49	49	49
5176	1611	1611	1
5177	5177	5177	4952
5178	5178	101	101
5179	134	134	4999
5180	5180	5180	5008
5181	1009	1	3712
5182	5182	5182	4872
5184	249	249	4997
5185	5185	5185	4335
5186	3133	3133	3133
5188	233	233	3921
5189	1106	4	1
5190	1015	1015	3500
5192	134	134	3726
5193	5193	5193	62
5194	76	76	2759
5195	17	17	3463
5196	3618	3618	3618
5197	5197	1	1
5198	5198	1941	1941
5199	5199	5199	4659
5201	564	564	2770
5202	1118	1118	4346
5203	222	222	3805
5204	245	7	1
5205	29	1	4740
5206	5206	86	2164
5207	4304	4304	4304
5208	29	1	5008
5209	638	31	973
5212	1	1	4133
5213	697	697	3238
5214	29	1	3845
5215	29	1	4821
5216	369	369	4880
5217	502	502	4426
5218	607	544	1
5219	29	1	425
5221	29	1	4946
5222	29	1	2863
5225	5225	537	537
5226	1120	1120	1120
5227	93	7	5023
5228	1033	147	1033
5229	157	157	5057
5233	1276	4	1567
5234	157	157	3777
5237	1169	1169	4242
5239	299	299	1323
5240	215	1	3247
5241	836	147	836
5242	49	49	4163
5243	2290	2290	2290
5244	5244	5244	1
5245	231	231	2684
5246	2356	2356	2356
5248	29	1	621
5249	5431	97	1
5250	5250	5250	4112
5252	431	139	4338
5253	656	656	1
5254	1169	1169	1169
5255	62	62	3518
5256	5256	5256	1158
5257	1257	367	1257
5258	62	62	62
5260	5260	5260	2367
5261	1589	1589	4656
5262	638	31	638
5263	274	274	1
5264	7	7	4876
5265	278	278	1
5266	1	1	1
5272	571	214	571
5273	5273	166	1
5274	5274	5274	1355
5275	5275	1	2087
5276	226	226	4884
5277	29	1	1
5278	3240	3240	3240
5279	792	792	3706
5280	1107	7	1107
5281	489	489	3195
5282	5282	5282	3839
5283	29	1	2843
5284	5284	5284	1
5285	4333	31	4333
5286	278	278	5265
5287	5287	5287	2603
5288	5288	7	4945
5289	5289	1	4066
5290	2424	2424	3625
5291	1	1	2095
5293	544	544	1
5294	5294	249	4383
5295	792	792	1
5296	129	129	409
5297	135	19	5089
5299	273	273	4720
5300	635	4	1
5301	7	7	343
5302	696	696	3200
5303	5303	5303	3427
5304	3303	7	1
5305	1548	1548	1548
5306	1	1	216
5307	4	4	2007
5308	249	249	694
5309	5309	5309	1001
5310	374	165	4864
5311	2922	4	1
5312	967	1	1
5313	796	796	796
5314	5314	432	432
5315	3193	31	5064
5316	110	110	4405
5318	792	275	3028
5319	313	313	1
5320	2954	1	2954
5321	5321	1	4891
5322	4241	432	5314
5323	41	41	3299
5324	369	369	5011
5325	5325	157	2701
5326	5326	5326	4710
5327	5327	5327	850
5328	2720	2720	3966
5329	204	204	592
5331	22	4	75
5332	29	1	4251
5333	1024	86	4990
5334	498	147	2743
5335	5335	589	589
5336	157	157	3915
5337	1	1	963
5338	5338	5338	2598
5339	1087	1087	1087
5340	29	1	3437
5341	5341	86	1
5342	29	1	5219
5343	67	67	1285
5345	238	238	4030
5346	786	7	5288
5347	5347	4	5156
5349	5349	5349	1665
5350	3085	3085	3085
5351	1917	130	4985
5353	5353	5353	4512
5354	1166	1166	4477
5355	5355	5355	3947
5356	3502	3502	3502
5357	31	31	4427
5358	731	296	5082
5360	5360	927	4684
5361	5361	5361	5070
5362	2178	2178	1
5363	2228	2228	1
5364	1547	277	3178
5365	5365	713	4766
5366	322	322	322
5367	2778	2778	4682
5368	214	214	4240
5369	1886	31	2990
5370	274	274	2384
5371	214	214	4509
5372	502	502	2515
5373	29	1	1
5374	5374	31	2941
5375	2178	2178	1
5376	1915	91	1915
5377	3360	3360	4764
5379	1	1	4084
5380	4151	404	4064
5381	116	116	2820
5382	29	1	5197
5383	1159	1159	1159
5384	504	504	504
5385	1740	158	1740
5386	1570	1570	4625
5387	4	4	4802
5388	29	1	4066
5389	228	228	1
5391	692	168	2695
5392	3964	602	3964
5393	5393	5393	1
5394	5394	1360	4877
5395	2580	2580	2580
5396	1703	1703	3674
5397	1359	141	1359
5398	49	49	5242
5402	75	4	3105
5403	5403	5403	1
5405	634	16	4540
5406	1210	1210	1
5407	214	214	4410
5408	35	4	1
5410	2466	2466	2466
5411	5411	5411	3666
5412	5412	5412	4688
5414	1330	110	754
5415	638	31	3759
5416	5416	5416	1209
5417	3303	7	4246
5418	1985	1985	4664
5420	5420	5420	4344
5421	139	139	2652
5422	2832	2832	3990
5423	1	1	3342
5424	3577	3577	4842
5426	1886	31	2984
5427	589	589	5335
5428	792	792	1
5429	661	1	4756
5430	4697	1	670
5431	97	97	3850
5432	277	277	1
5433	65	65	4223
5434	135	19	1
5435	4	4	2969
5436	374	165	4744
5437	78	78	4486
5438	1033	147	3380
5439	1547	277	2170
5440	278	278	3026
5441	1886	31	5018
5442	5442	5442	650
5443	1804	1804	1
5444	29	1	1
5445	5445	5445	2988
5446	2311	2311	4063
5447	91	91	2649
5448	110	110	4566
5449	7	7	5151
5450	5450	5450	4201
5451	2052	2052	2052
5452	7	7	5449
5453	279	279	2022
5454	29	1	5222
5455	113	1	2682
5456	3397	188	3397
5457	5457	611	611
5459	502	502	4788
5461	1015	1015	1015
5462	226	226	5276
5463	2766	2766	5163
5464	1509	1509	1509
5465	1343	1343	1343
5466	5466	3618	3618
5467	1	1	5379
5468	5468	1521	3878
5469	1145	27	1145
5470	5470	5470	5068
5471	4389	1808	4389
5472	49	49	3741
5473	5473	5473	1338
5474	2650	564	1
5475	414	414	414
5476	92	92	1961
5477	109	86	1676
5478	1258	78	1562
5479	249	249	2176
5480	564	564	1
5481	5481	5481	3214
5482	5482	277	4871
5483	1	1	3948
5484	1009	1	1009
5485	2178	2178	1
5486	3618	3618	5466
5487	5487	5487	2994
5488	5488	5488	1
5489	362	362	2907
5490	29	1	5058
5491	129	129	1363
5492	4	4	4825
5493	1222	1222	1222
5495	1	1	3256
5496	1034	27	3510
5497	109	86	1122
5498	3086	3086	3086
5499	110	110	3735
5500	245	7	1064
5501	116	116	2044
5502	3360	3360	4764
5503	826	826	1688
5504	238	238	5345
5505	274	274	3292
5506	2876	1	2876
5507	4009	4009	4009
5508	2625	2625	1
5509	1024	86	1
5510	2922	4	5311
5511	2738	2738	2738
5512	1592	1592	1592
5513	97	97	97
5514	244	244	244
5515	78	78	3130
5517	22	4	4716
5518	7	7	366
5519	128	128	128
5520	5520	5520	3925
5521	5521	584	2497
5523	65	65	1546
5525	362	362	2368
5526	92	92	3830
5528	786	7	2732
5529	5529	1	4954
5530	1570	1570	1570
5532	863	863	3066
5533	3264	3264	3264
5535	313	313	4773
5536	128	128	3339
5537	29	1	5197
5538	714	714	4532
5539	3958	275	3958
5540	5540	5540	4389
5541	5541	493	2635
5542	5542	5542	1437
5543	1779	1779	3598
5544	1532	1532	1532
5545	7	7	2972
5546	1611	1611	1
5547	5547	4	2854
5548	2690	129	2690
5549	29	1	3727
5550	1617	1617	1617
5551	833	833	833
5552	5552	1169	3179
5553	15	15	15
5554	93	7	2744
5555	826	826	826
5556	1640	1640	1640
5558	722	97	1833
5559	5559	5559	1
5561	3964	602	5392
5562	5562	5562	1
5563	2869	497	1989
5565	1511	41	1511
5566	245	7	380
5567	5567	5567	248
5568	87	4	3013
5569	5569	5569	638
5572	435	435	1
5573	3502	3502	3502
5574	1862	1862	1
5575	5575	5575	1
5577	29	1	1494
5578	1009	1	1814
5579	4985	4985	4985
5580	349	127	4763
5581	5581	5581	5192
5582	497	497	5326
5583	49	49	5242
5584	1639	1639	1639
5585	713	713	4958
5586	109	86	5044
5587	2432	2432	2432
5588	29	1	3321
5589	92	92	5526
5590	1106	4	1106
5591	29	1	471
5593	2189	1	2189
5594	4	4	1
5596	5596	5596	4926
5597	153	1	4335
5598	4	4	3868
5599	2615	2615	4564
5600	897	208	2628
5601	964	964	5005
5602	1651	1651	1651
5603	313	313	1
5604	3255	131	1302
5606	139	139	1
5607	5607	5607	3824
5608	273	273	4140
5610	638	31	4602
5611	5611	5611	1814
5612	1787	1787	1787
5613	3370	3370	3370
5614	29	1	5101
5615	1015	1015	1670
5616	2182	2182	2182
5617	128	128	2779
5619	1024	86	3222
5620	78	78	2297
5622	5622	2816	4513
5623	498	147	1289
5625	29	1	5282
5626	328	328	3646
5627	1491	67	3669
5628	5628	5628	1531
5629	97	97	3766
5630	419	4	1314
5631	5631	86	4511
5632	431	139	5133
5633	5633	5633	5035
5634	3677	3677	3677
5635	1172	1172	5164
5636	589	589	5335
5637	3167	3167	3167
5638	984	984	1
5639	295	1	1272
5640	435	435	4781
5642	5642	20	4096
5643	7	7	4875
5644	5644	5644	1
5645	109	86	1
5646	586	1	1325
5647	513	513	3375
5648	5648	5648	3517
5649	29	1	1608
5651	240	29	500
5652	29	1	5332
5653	3954	3954	3954
5654	128	128	5519
5655	465	465	465
5656	1234	1234	1
5657	5657	4	419
5658	3954	3954	3954
5659	1671	1671	1671
5660	5660	5660	3903
5661	5661	89	4376
5663	153	1	3845
5665	29	1	4821
5666	27	27	1
5667	3814	3814	3814
5670	2360	4	2360
5671	4177	147	4177
5674	130	130	1
5675	29	1	1
5677	399	19	3097
5678	1590	1590	1590
5679	369	369	5011
5680	38	38	1579
5681	2775	2775	2775
5682	84	67	4549
5683	5683	1808	1808
5684	29	1	2382
5685	86	86	2406
5686	175	4	4947
5687	29	1	2065
5688	135	19	5027
5689	5689	5689	1
5690	1959	1959	1959
5692	465	465	5655
5693	87	4	1189
5694	2332	2332	2332
5695	1286	1286	3636
5696	65	65	759
5697	29	1	4222
5699	7	7	3406
5700	1247	1247	4076
5701	883	7	1
5702	5702	5702	5021
5703	135	19	3725
5704	11	4	1338
5705	29	1	2140
5706	1276	4	648
5707	3054	4	3353
5708	5708	147	5607
5709	2650	564	5474
5710	109	86	2968
5711	5711	1524	1
5712	1589	1589	3165
5713	7	7	4508
5714	2312	2312	2312
5715	656	656	1
5716	544	544	5141
5717	3360	3360	5377
5718	1563	1563	4886
5720	179	179	1
5721	299	299	1323
5722	4	4	3654
5723	3045	3045	3045
5724	4	4	171
5725	416	183	416
5727	3078	3078	4038
5728	3376	554	3376
5729	130	130	993
5730	1055	1055	2722
5731	1671	1671	1671
5732	545	545	3003
5733	826	826	1688
5734	713	713	1
5736	97	97	3946
5737	1820	1820	1
5738	2639	502	2639
5739	3813	3813	5066
5740	349	127	1
5741	3126	3126	3126
5742	5742	5742	1269
5743	277	277	5432
5744	826	826	5555
5745	5745	5745	4302
5747	5747	5747	5351
5748	2028	2028	2028
5749	5749	147	1
5750	4	4	1117
5753	249	249	2707
5754	29	1	5332
5755	60	4	3166
5756	498	147	2482
5757	1779	1779	1779
5758	1888	1888	1888
5759	2700	1	2700
5760	295	1	5046
5761	1690	1690	1690
5762	29	1	2191
5763	97	97	97
5764	15	4	3105
5765	128	128	2101
5766	2720	2720	4890
5768	1687	410	1687
5769	410	410	4645
5770	2361	2361	4790
5771	86	86	1739
5772	233	233	4768
5773	22	4	4716
5774	5774	129	1
5775	910	910	4550
5776	29	1	1
5777	49	49	5175
5778	283	283	3592
5779	29	1	4740
5780	5780	5780	5445
5781	1711	1711	3750
5782	5782	5782	1
5783	92	92	5589
5784	5057	157	5057
5785	1577	7	1512
5786	190	190	2896
5787	493	493	2183
5788	336	86	1
5789	1691	67	4662
5790	7	7	1392
5791	1703	1703	3800
5792	5792	168	5391
5793	182	4	182
5794	786	7	5528
5795	1	1	2836
5797	5797	5797	4786
5798	2177	2177	2177
5800	828	1	4948
5801	11	4	5189
5802	5321	1	423
5803	2244	4	2244
5804	7	7	4004
5805	362	362	2368
5806	4304	4304	4304
5807	16	1	3647
5809	130	130	5135
5810	5810	5810	1871
5811	5811	5811	3353
5812	4	4	5387
5813	4	4	1
5814	76	76	1
5815	2030	19	2030
5816	2077	2077	2077
5817	3976	168	3976
5819	89	89	3236
5820	1051	1051	1051
5822	564	564	1
5823	2177	2177	2177
5825	2444	2444	2444
5826	116	116	2014
5827	132	7	1
5828	5828	5828	1994
5829	777	777	4942
5830	1118	1118	3684
5831	147	147	3620
5832	697	697	3284
5833	5833	5833	3868
5834	2604	367	3675
5835	1299	1	1299
5836	1480	1	3151
5837	900	86	900
5838	5838	5838	2428
5839	215	1	3147
5840	1480	1	5084
5841	544	544	1290
5842	110	110	2518
5843	2683	1	2683
5844	1771	1771	4776
5845	5845	49	5398
5846	585	585	1
5849	278	278	278
5850	1490	204	592
5851	29	1	2352
5852	5852	1	5484
5853	1977	4	3301
5854	2241	2241	2241
5855	93	7	4530
5856	2338	254	2338
5857	274	274	4765
5858	830	830	830
5859	1899	1899	1
5860	586	1	3984
5861	731	296	3405
5862	3080	3080	3080
5863	86	86	4900
5864	5864	2241	5854
5865	1022	1022	5353
5866	110	110	1
5867	135	19	5434
5868	73	73	1615
5869	5869	7	5785
5870	29	1	1
5871	7	7	2340
5872	110	110	5414
5874	4121	4121	4121
5875	1792	1105	4538
5876	386	78	3103
5877	5877	1466	1466
5878	1118	1118	3729
5879	5879	5879	5598
5880	2720	2720	3908
5881	130	130	1
5882	1153	1	1153
5884	5884	5884	1
5885	314	196	3326
5886	5886	5886	1633
5887	4	4	2883
5888	1334	1334	1334
5889	2869	497	2869
5890	135	19	5867
5891	2078	2078	2078
5892	7	7	3576
5893	49	49	1
5894	3782	3782	3782
5895	166	166	4169
5897	722	97	1
5898	2360	4	2360
5899	5899	5899	3312
5900	740	740	2670
5901	1639	1639	1639
5902	724	1	1
5903	3831	1	3831
5904	5904	5904	5436
5905	863	863	3066
5906	564	564	5480
5907	1073	1073	1073
5909	5909	5909	3566
5910	7	7	3260
5911	31	31	3705
5912	29	1	2790
5913	829	829	829
5916	78	78	2157
5917	29	1	3936
5918	16	1	307
5919	29	1	1008
5920	5920	3553	3553
5921	283	283	3592
5922	16	1	2507
5923	5923	1700	1700
5924	5924	910	910
5925	3060	3060	1
5926	29	1	1
5927	233	233	3921
5928	5928	5928	1
5929	5929	1	2189
5930	3955	3955	3955
5931	166	166	3987
5932	3999	2476	3999
5933	5933	49	5472
5934	1033	147	3835
5936	110	110	2518
5937	169	7	505
5938	668	668	2994
5939	2780	1	4335
5940	1589	1589	5261
5941	5941	5941	2019
5942	7	7	983
5943	600	600	600
5944	27	27	3871
5945	7	7	366
5946	5946	5946	1
5948	3742	3742	3742
5949	2272	313	5603
5951	67	67	1571
5952	1936	1936	1936
5953	497	497	3320
5954	1	1	1976
5955	256	4	2618
5956	7	7	1392
5957	502	502	1
5958	3039	150	3039
5960	536	31	1
5961	130	130	4556
5962	2567	2567	2567
5963	295	1	5420
5964	29	1	2407
5965	4806	139	1
5966	5966	2828	2828
5967	513	513	4293
5968	38	38	3331
5970	5970	454	454
5971	1754	204	3424
5972	5972	1888	5758
5973	29	1	3606
5974	1033	147	5934
5975	306	306	1847
5976	267	267	267
5977	5289	1	5289
5978	516	19	931
5980	589	589	5427
5981	5981	5981	4292
5982	7	7	3467
5983	129	129	1931
5984	349	127	5740
5985	5985	1899	1
5986	972	972	972
5987	1015	1015	1015
5988	1511	41	5565
5989	586	1	586
5990	7	7	5151
5991	5991	5991	4380
5992	796	796	4749
5993	11	4	4567
5994	5994	5994	5980
5995	5995	5995	2989
5996	5996	1	1292
5998	5998	5998	2993
5999	163	163	1
6000	498	147	1
6001	6001	31	3368
6002	78	78	2616
6003	2189	1	2189
6005	6005	576	2830
6006	130	130	1001
6007	1687	410	5768
6008	1333	4	1333
6009	231	231	2684
6010	1258	78	1
6011	2620	2620	2620
6012	4	4	4110
6013	113	1	1675
6014	31	31	2035
6015	2963	1589	4601
6016	549	549	4691
6017	1540	1540	1
6019	249	249	2176
6020	16	1	3671
6021	2219	1	2219
6022	435	435	3417
6023	1033	147	1
6024	6024	6024	5498
6025	6025	6025	1562
6026	2917	1003	3635
6027	1590	1590	2987
6028	214	214	1
6029	29	1	3083
6030	1920	1	5240
6031	1575	1575	2390
6033	7	7	5545
6034	1034	27	5260
6035	634	16	4540
6036	6036	78	1716
6037	410	410	1874
6038	544	544	1425
6039	6039	6039	2987
6040	6040	6040	1
6041	4747	1	4476
6042	31	31	4612
6043	109	86	191
6044	6044	6044	4105
6045	2251	2251	2251
6046	214	214	4240
6047	6047	6047	1
6048	29	1	1
6049	29	1	1
6050	4729	4310	4729
6053	49	49	1071
6054	3976	168	3461
6055	299	299	4814
6056	2338	254	5856
6057	6057	3856	3856
6059	11	4	3411
6060	980	980	2099
6061	6061	535	535
6062	29	1	4047
6063	277	277	5099
6064	49	49	2500
6065	386	78	3103
6066	369	369	1121
6067	1364	1364	4916
6068	29	1	1851
6069	86	86	1
6070	6070	6070	3590
6071	365	147	3212
6072	362	362	5525
6073	29	1	5779
6074	153	1	5939
6075	493	493	3525
6076	4977	4977	4977
6077	705	4	5120
6078	4132	4132	4132
6079	29	1	511
6080	586	1	1325
6081	1	1	525
6082	1886	31	5209
6083	6083	6083	5760
6084	1977	4	4043
6085	290	290	290
6086	139	139	5965
6087	6087	73	2534
6088	275	275	2337
6089	261	261	261
6090	128	128	1
6091	7	7	1
6092	135	19	1
6093	29	1	1494
6094	751	1	751
6095	308	308	5014
6096	6096	6096	4912
6097	427	78	1
6098	714	714	5538
6099	1	1	4155
6100	134	134	1905
6101	6101	6101	1893
6102	786	7	1742
6103	6103	6103	3062
6104	386	78	1
6105	786	7	5794
6106	1728	1728	1
6108	1547	277	5439
6109	65	65	5433
6110	135	19	1
6111	2832	2832	3990
6112	2260	1	6041
6113	29	1	918
6114	28	28	2032
6115	97	97	2463
6116	6116	6116	4571
6117	585	585	3906
6118	3360	3360	3360
6119	3352	3352	1
6120	6120	6120	1
6123	1511	41	5988
6124	1877	7	1877
6125	262	262	4514
6126	6126	204	1
6127	6127	6127	5640
6128	758	110	758
6129	27	27	4854
6130	3045	3045	5723
6131	1821	1821	1821
6133	823	823	2928
6134	29	1	4914
6135	1692	1692	1692
6136	11	4	5361
6137	1779	1779	3159
6138	1	1	5902
6140	3961	3961	3961
6141	3913	3913	3913
6142	279	279	3697
6143	1908	1908	3056
6144	29	1	2906
6146	274	274	2858
6147	1118	1118	4346
6148	1908	1908	3438
6149	2034	1	4703
6150	6150	220	4010
6151	1877	7	1877
6152	6152	6152	4396
6153	6153	1262	1
6154	1563	1563	1
6155	299	299	5239
6156	1611	1611	5546
6157	2442	2442	3907
6158	1886	31	2287
6159	1930	1930	1930
6160	208	208	1
6161	92	92	4675
6162	11	4	1
6164	3800	1703	5791
6165	6165	6165	1437
6166	1131	1131	1131
6167	73	73	5868
6168	3029	3029	3029
6169	3813	3813	5066
6171	3039	150	3039
6172	166	166	5009
6173	6173	6173	4750
6174	4009	4009	4009
6175	1276	4	5706
6176	1690	1690	1690
6177	1	1	346
6178	394	7	394
6179	796	796	796
6180	1589	1589	1
6181	1015	1015	3500
6182	582	147	2357
6183	1	1	1829
6184	369	369	5216
6185	6185	278	4909
6186	3045	3045	5723
6187	139	139	2473
6190	6190	6190	1
6191	6191	6191	1936
6192	147	147	3770
6193	435	435	4899
6194	696	696	3867
6195	431	139	1535
6197	792	275	2321
6198	1256	1256	1
6199	4	4	3481
6200	29	1	5025
6202	4	4	3687
6204	17	17	3963
6205	638	31	2941
6206	786	7	3576
6207	1852	1852	5108
6208	6208	130	1543
6209	1	1	3529
6211	29	1	3321
6212	3079	3079	3079
6213	545	545	3739
6215	1009	1	2954
6216	6216	6216	3735
6217	4	4	1
6218	128	128	5765
6220	6220	6220	1
6221	1915	91	5376
6222	245	7	5204
6223	1118	1118	5878
6225	786	7	2732
6226	498	147	1593
6228	6228	1196	2457
6229	29	1	2847
6230	5057	157	5057
6231	6231	1710	3414
6232	147	147	1937
6233	6233	6233	2557
6234	585	585	3487
6236	1480	1	4485
6237	113	1	6013
6238	3958	275	3958
6239	6239	91	960
6240	2129	67	4413
6242	604	7	5107
6243	1055	1055	1
6244	1	1	1
6245	29	1	4847
6246	29	1	5919
6247	6247	6247	4606
6249	3502	3502	3502
6250	7	7	3121
6251	278	278	1
6252	1395	1395	1395
6254	493	493	894
6255	3964	602	5561
6256	1	1	716
6257	6257	6257	3136
6258	78	78	683
6260	5941	5941	5941
6261	6261	6261	2585
6262	3416	3416	3416
6263	369	369	4674
6264	75	4	771
6265	1	1	3283
6266	1771	1771	3833
6267	6267	6267	4116
6268	1432	4	2158
6270	2557	475	6233
6271	586	1	4077
6273	92	92	5526
6274	549	549	6016
6275	1262	1262	1
6276	2199	2199	2199
6277	2545	139	1
6278	1977	4	5853
6279	29	1	2559
6280	7	7	1776
6281	1199	1199	1199
6282	29	1	3052
6283	109	86	3753
6284	6284	4090	4090
6285	1480	1	4485
6286	287	287	4348
6287	6287	5122	5122
6290	498	147	2743
6291	29	1	2222
6292	1283	1283	1
6294	1480	1	1
6295	3343	65	3343
6296	4	4	977
6298	6298	5338	5338
6299	27	27	3703
6300	89	89	5819
6301	28	28	28
6302	537	537	1
6303	2104	2104	2104
6304	455	455	1447
6306	6306	6306	2583
6307	826	826	5744
6308	584	584	3559
6309	6309	6309	1379
6311	1451	1	4318
6312	1062	7	1
6313	110	110	1
6314	852	852	4600
6315	1199	1199	1199
6316	86	86	890
6317	35	4	5157
6318	3054	4	4373
6319	91	91	5447
6320	22	4	2069
6321	830	830	5858
6322	129	129	2314
6323	76	76	1
6326	6326	6326	1363
6327	374	165	5436
6328	388	1	2407
6329	2218	901	901
6330	6330	6330	3100
6331	11	4	5568
6332	29	1	5100
6333	502	502	3869
6334	295	1	295
6336	497	497	3912
6337	6337	6337	3668
6338	6338	6338	2811
6339	60	4	3938
6340	454	454	454
6341	1886	31	2749
6342	3599	7	5019
6343	644	1	4707
6344	994	994	994
6345	1	1	3710
6346	1131	410	2131
6347	190	190	190
6348	78	78	1
6349	11	4	1264
6350	4569	1	4569
6352	606	606	1879
6353	130	130	6006
6354	29	1	5917
6355	3790	31	1
6356	3293	3293	3293
6357	188	188	188
6358	584	584	3559
6359	3022	4	3108
6360	29	1	6083
6361	147	147	2124
6362	504	504	5384
6363	493	493	4727
6364	384	384	4746
6365	230	230	230
6366	3808	1	6256
6367	3029	3029	6168
6368	958	7	5264
6369	27	27	5260
6370	168	168	1962
6372	6372	15	5553
6373	2424	2424	2424
6374	2576	2576	2576
6375	2259	2259	2259
6377	1762	4	1762
6378	1771	1771	6266
6379	130	130	6353
6380	22	4	3650
6381	86	86	1739
6382	584	584	3116
6383	29	1	4424
6384	2356	2356	4856
6385	564	564	5822
6387	6387	6387	644
6388	6388	6388	5610
6389	65	65	3249
6390	157	157	5325
6391	6391	1345	1345
6392	238	238	5345
6393	238	238	1943
6394	15	4	4271
6395	6395	6395	2515
6396	22	4	5517
6397	686	1	4593
6398	15	4	5764
6399	135	19	1
6400	132	7	5346
6401	1665	1665	5349
6402	29	1	2669
6403	322	322	322
6404	6404	6404	1511
6405	27	27	2266
6406	6406	6406	1992
6407	1420	1420	2642
6408	755	130	3102
6409	1	1	3283
6410	6410	4304	5207
6412	132	7	3900
6413	314	196	5885
6414	6414	6414	3691
6415	6415	6415	2450
6416	134	134	3665
6417	1	1	1366
6418	278	278	3779
6419	29	1	4381
6420	29	1	1837
6421	305	305	5596
6422	6422	86	5788
6423	2693	2693	4075
6424	1105	1105	1
6425	4003	4003	4003
6426	6426	6426	3187
6427	6427	6427	2554
6428	1	1	963
6429	27	27	821
6430	369	369	5011
6431	1547	277	3418
6432	1834	1574	1834
6433	6433	1	4007
6434	182	4	5793
6435	792	275	3169
6436	3143	3143	3143
6437	7	7	5660
6438	6438	6438	5047
6440	6440	6440	3778
6441	141	141	1963
6442	4	4	1634
6443	6443	6443	3280
6444	1091	1091	2474
6445	27	27	3751
6446	486	1	5996
6447	6447	6447	806
6448	4285	7	4285
6449	6449	3526	3526
6450	4468	1	4468
6451	1813	1813	1813
6453	984	984	3685
6454	204	204	5850
6455	668	668	5487
6456	11	4	1429
6457	3555	3555	3555
6458	489	489	3902
6459	238	238	6393
6460	649	649	1
6462	2650	564	5474
6464	6464	6464	1
6465	6465	6465	1
6466	6466	1135	1135
6467	586	1	6080
6468	722	97	722
6469	4	4	1734
6470	49	49	4163
6471	2922	4	1
6472	29	1	3787
6473	3397	188	3397
6474	1339	4	1701
6475	78	78	3959
6476	6476	335	1242
6477	493	493	4742
6478	6478	3239	4646
6479	2001	204	2001
6480	475	475	2209
6481	299	299	1
6482	4094	86	4094
6483	3039	150	5958
6484	577	78	300
6485	386	78	1
6486	6486	226	5462
6487	1687	410	5769
6488	4464	92	4464
6489	1247	1247	5700
6490	5093	5093	5093
6491	6491	129	2314
6492	109	86	3187
6493	318	318	2924
6494	7	7	935
6495	7	7	2413
6496	2650	564	1
6497	3813	3813	6169
6498	4012	1	3969
6499	4166	1816	4166
6500	3416	3416	6262
6501	994	994	994
6502	1792	1105	5875
6503	35	4	2009
6504	3383	49	3383
6505	2557	475	6233
6506	2312	2312	5714
6508	6508	6508	5850
6509	109	86	1411
6510	714	714	4481
6511	6511	1	3007
6512	3925	3925	5520
6513	29	1	5851
6514	1206	4	1206
6515	3949	3949	3949
6516	410	410	5769
6517	257	257	4961
6518	29	1	4847
6519	128	128	4303
6520	6520	6520	5481
6521	4333	31	5285
6522	6522	6522	1535
6523	97	97	6443
6527	6527	1	5675
6528	86	86	2746
6530	6530	6530	5765
6531	1033	147	4883
6532	89	89	2694
6533	1105	1105	1433
6535	29	1	4351
6536	49	49	6064
6537	7	7	2276
6538	6538	6538	267
6539	6539	6539	2085
6541	1781	1781	1
6542	190	190	2443
6543	6543	3782	3782
6544	2403	2403	2403
6546	786	7	2837
6548	76	76	6323
6549	16	1	3671
6551	4	4	3682
6552	513	513	3375
6553	4340	4340	4340
6554	801	801	4934
6555	498	147	5623
6556	6556	6556	1
6557	7717	2816	2816
6558	29	1	2174
6559	2683	1	2683
6560	1339	4	1701
6561	27	27	5666
6562	1902	1902	1902
6563	6563	6563	1997
6564	3078	3078	3078
6566	2389	2389	2389
6567	22	4	1702
6568	2031	2031	4936
6569	1476	1476	1
6570	3031	66	3031
6571	544	544	5218
6572	278	278	3779
6573	214	214	5148
6574	386	78	2469
6576	67	67	1997
6577	388	1	2407
6578	109	86	4364
6579	1033	147	4559
6580	6580	6580	6486
6581	513	513	3898
6582	60	4	1598
6583	785	284	4343
6584	1044	1044	1044
6586	179	179	1
6587	29	1	2019
6588	4384	557	4384
6590	29	1	3633
6591	2691	2691	2691
6592	6592	28	28
6594	1056	1056	2549
6595	4526	4526	4526
6596	6596	791	4061
6597	6597	6597	2968
6598	29	1	3933
6599	29	1	6498
6600	7	7	2646
6601	6601	6601	1111
6602	87	4	3764
6603	73	73	3474
6604	231	231	1554
6605	27	27	2266
6607	6607	6607	2500
6609	7	7	528
6610	1	1	1081
6611	119	119	3346
6612	6612	6612	2292
6613	6613	713	4506
6614	1172	1172	1172
6615	349	127	4763
6616	1836	1836	1836
6617	6617	1	4265
6618	6508	6508	6508
6619	871	871	871
6620	29	1	5181
6621	435	435	3676
6622	662	662	662
6623	1	1	4034
6624	1435	4	4385
6625	29	1	167
6626	29	1	533
6628	604	7	3619
6630	1	1	4191
6631	369	369	6430
6632	3221	3221	1
6633	29	1	1
6634	586	1	1325
6635	7	7	1654
6636	5708	147	6192
6637	1511	41	6404
6638	518	518	2126
6639	238	238	6459
6640	544	544	3570
6641	786	7	5794
6642	6642	1965	1965
6643	786	7	3911
6644	5607	5607	5607
6645	5275	1	5275
6646	3597	3597	3597
6647	29	1	1284
6648	101	101	2188
6649	564	564	5201
6650	1009	1	1814
6651	41	41	1
6653	3381	3381	3381
6654	1744	1744	4981
6655	2832	2832	6111
6656	78	78	1224
6657	299	299	6155
6658	6658	378	3591
6659	2775	2775	5681
6660	582	147	4715
6661	110	110	2518
6662	638	31	4698
6663	4	4	6296
6664	571	214	5272
6665	6665	6665	5579
6666	536	536	536
6668	6025	6025	6025
6669	6669	6669	313
6670	772	772	772
6671	168	168	1037
6672	240	29	3341
6673	228	228	3124
6675	233	233	5188
6676	3054	4	123
6677	29	1	6590
6678	3076	49	3076
6679	507	1	3024
6680	29	1	4044
6681	3732	86	3732
6682	713	713	1
6683	1998	7	3561
6684	86	86	1739
6685	231	231	4207
6686	75	4	5408
6687	86	86	4289
6688	724	1	4543
6689	2312	2312	2312
6690	7	7	4599
6691	758	110	2143
6693	113	1	195
6694	722	97	5897
6696	6696	256	256
6697	2996	2996	4953
6698	3170	1	3170
6699	3949	3949	3949
6700	2117	1	1832
6701	1022	1022	4512
6702	4285	7	6448
6703	6703	6703	1
6704	267	267	6538
6705	235	97	1
6706	6706	932	932
6707	1	1	1
6708	2053	1	3849
6709	836	147	836
6710	571	214	4450
6711	1015	1015	1670
6712	2028	2028	2028
6713	7	7	776
6714	6714	6714	5066
6715	1	1	3839
6716	1	1	4544
6718	119	119	4932
6719	97	97	5513
6721	6721	238	2386
6722	115	115	1
6723	1690	1690	1690
6724	651	651	651
6725	86	86	1673
6726	584	584	5521
6727	6727	646	1
6728	1340	322	1340
6729	6729	6729	6332
6730	6730	6730	2840
6731	410	410	1
6732	2993	1	2993
6733	2312	2312	5714
6734	3021	4	4097
6735	1319	1	4811
6736	35	4	1471
6737	4	4	5156
6738	6738	6738	1936
6739	29	1	6598
6740	6740	6740	5703
6741	92	92	2741
6742	6742	3954	5653
6743	544	544	4923
6744	299	299	5721
6745	7	7	1
6746	97	97	2463
6747	29	1	4914
6748	28	28	5125
6749	3404	110	3404
6750	2010	2010	2010
6751	1570	1570	5530
6752	6752	6752	1
6753	7	7	6437
6754	3615	3615	3615
6756	1458	1458	1458
6757	92	92	4866
6758	6758	6758	6541
6759	86	86	5771
6760	4012	1	5087
6761	453	453	453
6763	979	979	6044
6764	6764	1	3773
6765	251	78	1101
6766	2797	1	1976
6767	1	1	2428
6768	4	4	3538
6769	2444	2444	5825
6770	1115	78	1115
6771	544	544	1290
6772	791	791	1569
6773	1	1	6265
6774	226	226	6580
6775	318	318	5117
6776	349	127	2212
6777	3954	3954	3954
6778	1	1	4903
6779	279	279	3971
6780	27	27	4804
6781	29	1	2161
6782	6782	6782	2669
6783	1	1	4822
6785	4285	7	6448
6786	29	1	5852
6787	828	1	5800
6788	6788	1690	6176
6789	1915	91	4587
6790	493	493	3525
6791	502	502	4788
6792	1803	29	2937
6793	1299	1	4519
6794	714	714	5538
6795	17	17	6204
6796	1	1	1
6797	3523	3523	3523
6798	92	92	2950
6799	7	7	6546
6800	3095	544	3095
6801	6801	1	6513
6802	29	1	3787
6803	786	7	5794
6804	4729	4310	4729
6805	410	410	4645
6806	1024	86	5645
6809	2680	837	2680
6810	281	281	3267
6811	792	275	2321
6812	897	208	897
6813	6813	278	5286
6814	1056	1056	2638
6815	29	1	6134
6816	2326	2326	4927
6817	2757	863	2757
6819	6819	6819	4300
6820	454	454	2698
6821	6821	3721	3721
6822	1521	1521	1521
6823	91	91	2649
6824	73	73	551
6826	2292	2292	2292
6827	29	1	2353
6828	585	585	3487
6830	29	1	6511
6831	29	1	395
6833	1432	4	2158
6834	638	31	973
6835	65	65	1546
6836	110	110	1
6837	6837	6837	6835
6838	1382	1382	2794
6839	1	1	1
6840	496	496	496
6841	3553	3553	3553
6842	29	1	4501
6843	29	1	1522
6844	222	222	3349
6845	67	67	1997
6846	6846	6846	6620
6847	7	7	6745
6848	6025	6025	6025
6849	591	591	591
6850	1056	1056	2638
6853	29	1	1
6854	830	830	6321
6855	1339	4	6560
6856	863	863	2446
6857	1	1	6773
6858	369	369	6184
6859	3021	4	3021
6861	233	233	3543
6862	397	397	3499
6863	29	1	2222
6864	78	78	3270
6865	182	4	5793
6866	3078	3078	5727
6867	1223	1223	1223
6868	3305	3305	3305
6869	2517	2517	3859
6870	1166	1166	5038
6871	369	369	6631
6874	7	7	3406
6875	2775	2775	6659
6876	235	97	6115
6877	435	435	1388
6878	1480	1	6096
6879	1821	1821	6131
6880	75	4	5993
6881	518	518	6638
6882	2922	4	3023
6883	2922	4	4125
6884	2620	2620	6011
6885	29	1	3692
6886	6886	6886	6579
6887	958	7	5019
6888	135	19	6110
6889	11	4	6880
6890	284	284	2278
6891	650	650	4322
6892	1172	1172	5635
6893	6893	6893	1022
6894	336	86	4689
6895	656	656	5253
6896	1998	7	1998
6897	2778	2778	2778
6898	129	129	1
6899	4946	4946	4946
6900	740	740	5900
6901	132	7	1
6902	476	476	4904
6903	2785	2785	2785
6904	1	1	4822
6905	1663	1663	1663
6906	1278	1278	1278
6907	29	1	6200
6908	1900	129	1
6909	7	7	6609
6911	129	129	6898
6912	73	73	4459
6913	1339	4	1701
6914	29	1	1
6915	147	147	498
6916	1033	147	659
6917	257	257	1
6919	115	115	1
6920	109	86	1
6921	92	92	2741
6923	432	432	432
6924	6924	6924	6260
6925	2444	2444	6769
6926	2125	2125	3823
6927	335	335	2132
6929	4526	4526	4526
6930	6930	6930	6206
6931	1771	1771	3833
6932	7	7	4617
6933	78	78	2582
6934	6934	5052	5052
6935	93	7	93
6936	6936	134	480
6937	564	564	5709
6938	465	465	4607
6939	796	796	6179
6940	5052	5052	6934
6941	109	86	6426
6942	19	19	4955
6943	75	4	3663
6944	2213	4	4385
6945	1001	130	2997
6946	1067	1067	4326
6947	1	1	1
6949	1886	31	5441
6950	67	67	1285
6951	29	1	2519
6952	340	340	3443
6953	3986	277	3986
6954	1	1	4344
6955	1	1	3106
6956	7	7	4054
6957	67	67	1285
6958	711	19	1
6959	7	7	776
6960	571	214	3043
6961	2253	2253	2253
6962	7	7	4617
6963	116	116	5501
6964	73	73	1525
6965	1	1	6428
6966	29	1	918
6967	1251	1251	1251
6968	6968	6968	6100
6969	496	1	862
6970	1020	7	1020
6971	60	4	3938
6972	153	1	5214
6974	2077	2077	2077
6975	132	7	4302
6976	6976	4	3978
6977	2988	2988	3810
6978	6978	6978	5834
6979	4	4	1
6980	41	41	3816
6982	6018	6018	1
6983	386	78	2469
6984	147	147	1486
6985	86	86	2164
6986	544	544	3975
6987	502	502	5372
6989	91	91	1915
6990	29	1	784
6992	386	78	1
6993	667	667	667
6994	4003	4003	4003
6995	662	662	662
6996	279	279	6779
6997	2797	1	3740
6999	892	892	892
7000	7	7	6909
7001	153	1	511
7002	249	249	4997
7003	2974	1	4301
7004	724	1	3000
7005	453	453	453
7006	7	7	2413
7007	980	980	2099
7008	86	86	4046
7009	7009	7009	140
7010	41	41	1313
7011	129	129	1
7012	109	86	4194
7013	544	544	1290
7014	78	78	3935
7015	774	7	2150
7016	7016	826	1688
7017	1886	31	4527
7018	287	287	6286
7019	129	129	939
7020	1	1	6954
7021	28	28	6592
7022	7022	7022	3170
7023	3586	3586	3586
7024	1590	1590	6039
7025	97	97	3229
7026	7026	7026	1339
7027	116	116	6963
7028	502	502	3111
7029	27	27	1398
7030	882	882	882
7031	1589	1589	5712
7032	7032	7032	3878
7033	1055	1055	1055
7035	1547	277	3418
7036	116	116	2044
7037	713	713	4820
7038	29	1	1
7039	113	1	3722
7040	4151	404	4064
7041	1865	636	3336
7042	7042	1994	1994
7043	281	281	5067
7044	465	465	5692
7045	73	73	1211
7046	605	605	605
7047	2366	2366	2366
7048	1024	86	5619
7049	493	493	6075
7050	1987	1987	1987
7051	377	377	4681
7052	2679	2679	1
7053	2974	1	5663
7054	7054	7054	1
7055	2383	2383	2383
7056	1	1	2262
7057	431	139	6195
7058	806	806	6447
7059	29	1	4821
7060	4398	4398	4398
7061	169	7	5065
7062	11	4	6162
7063	116	116	7036
7064	7064	4	6883
7065	1886	31	2287
7066	782	782	1
7067	78	78	1
7068	1062	1062	1062
7069	1385	19	4730
7071	15	15	15
7072	1800	274	1800
7073	29	1	1
7074	78	78	3803
7075	2111	2111	2111
7076	29	1	2955
7077	29	1	2425
7078	28	28	6592
7079	1970	1970	1970
7080	132	7	6033
7081	645	645	645
7082	1339	4	5887
7083	656	656	4565
7084	7084	7084	3918
7085	78	78	1562
7086	1511	41	6637
7087	3814	3814	3814
7088	735	4	1093
7089	7089	7089	5758
7090	644	644	6387
7091	358	358	358
7092	7092	901	3795
7093	1083	1	1083
7094	7	7	3575
7095	7	7	3899
7096	571	214	6960
7097	722	97	5558
7098	115	115	1
7099	129	129	5491
7100	1629	1629	3887
7101	1262	1262	6153
7102	88	4	3901
7103	1166	1166	1166
7104	1762	4	6377
7105	1206	4	341
7106	3599	7	3599
7107	794	794	794
7109	1779	1779	1779
7110	29	1	5100
7111	86	86	1739
7112	1	1	4371
7113	7113	7113	3309
7114	1998	7	1998
7115	109	86	5044
7116	1	1	6819
7117	3426	3426	3426
7118	109	86	4511
7119	783	1	1
7120	29	1	5388
7121	498	147	1593
7122	7122	826	5555
7123	29	1	5373
7124	454	454	4651
7125	29	1	5303
7126	29	1	2585
7127	240	29	240
7128	1633	4	5886
7129	78	78	3959
7130	1754	204	5971
7131	29	1	395
7132	564	564	2770
7133	2996	2996	6697
7134	7134	1458	1458
7135	135	19	1
7136	1115	78	6770
7137	3884	1	3884
7138	7138	453	2583
7139	4729	4310	6804
7140	279	279	279
7141	7141	3100	3100
7142	22	4	971
7143	2966	4	2966
7144	7	7	5871
7145	109	86	6597
7146	49	49	4163
7148	2286	2286	3894
7149	130	130	6379
7150	2988	2988	1
7151	67	67	2315
7152	984	984	6453
7153	7153	7153	5741
7154	7	7	6956
7155	4369	424	4369
7156	1339	4	6913
7157	1570	1570	1
7158	362	362	6072
7159	3999	2476	5932
7160	78	78	1716
7161	1480	1	5840
7162	1605	1605	1605
7163	1009	1	6215
7164	3925	3925	6512
7165	4	4	6199
7166	668	668	5938
7167	7167	7167	7027
7168	274	274	1907
7170	51	4	3091
7171	1877	7	1877
7172	2994	668	2994
7173	602	602	2558
7174	799	799	799
7176	4817	1	4817
7177	1728	1728	6406
7178	273	273	3122
7179	7179	7179	2028
7180	4	4	3682
7182	231	231	6604
7183	758	110	4406
7184	4009	4009	4009
7185	774	7	178
7186	697	697	4221
7187	1033	147	5974
7188	2356	2356	5246
7189	7189	29	5651
7190	545	545	2795
7191	3737	31	3737
7192	3038	3038	3038
7193	28	28	1
7194	1001	130	5072
7195	1	1	5379
7196	7196	1118	1118
7197	29	1	5332
7198	238	238	1943
7199	28	28	876
7200	386	78	3354
7201	116	116	3073
7202	713	713	4098
7203	158	158	458
7204	3360	3360	4764
7205	67	67	5951
7206	465	465	7044
7207	431	139	7057
7208	4553	4553	4553
7209	29	1	5840
7210	131	131	1302
7211	668	668	7166
7212	116	116	5501
7213	5481	5481	5481
7214	132	7	5827
7215	852	852	4600
7216	1034	27	3510
7217	7217	7217	1
7218	910	910	4550
7219	586	1	5860
7220	78	78	6933
7221	1472	1472	1472
7222	1339	4	1339
7223	130	130	647
7224	967	1	4878
7225	7225	73	4052
7226	796	796	2710
7227	4053	4053	4053
7228	7228	7228	4670
7229	7229	1	4954
7230	1908	1908	3056
7231	7231	7231	5473
7232	128	128	2101
7233	3293	3293	3293
7234	713	713	4958
7235	3079	3079	3079
7236	7	7	6609
7237	7237	7237	6110
7238	1602	230	1602
7239	7239	7239	2221
7240	7240	7240	1
7241	444	1	444
7242	1022	1022	5865
7243	2901	2901	4971
7244	4	4	3538
7245	2563	2563	5004
7246	29	1	1111
7247	7247	7247	2826
7248	62	62	2385
7249	3320	497	3320
7250	386	78	1
7251	858	858	858
7253	41	41	1313
7254	35	4	5090
7255	97	97	6719
7256	7256	892	3717
7257	1491	67	3929
7258	7	7	6753
7259	130	130	583
7260	1172	1172	4425
7261	1877	7	1877
7262	29	1	172
7263	4977	4977	6076
7264	4	4	5156
7265	29	1	6802
7266	7266	7266	643
7267	381	31	1179
7268	6324	6324	1
7269	29	1	3137
7270	1	1	5467
7271	4151	404	5380
7272	29	1	6677
7273	604	7	3860
7274	3404	110	3404
7275	226	226	226
7276	6126	204	1754
7278	3955	3955	3955
7279	2109	2109	2109
7280	1276	4	1423
7281	1319	1	1319
7282	78	78	6036
7283	7283	7283	5529
7284	7	7	2510
7286	7286	1	6781
7287	1415	1415	1415
7288	2716	2716	1
7289	502	502	5145
7290	4729	4310	4729
7291	667	667	667
7292	656	656	3815
7293	49	49	6064
7294	60	4	5755
7295	4177	147	5671
7296	852	852	4600
7297	502	502	5957
7298	86	86	5771
7299	410	410	6487
7300	1917	130	5351
7301	7301	7301	6366
7302	86	86	6725
7303	7303	7303	6683
7304	696	696	1
7305	1176	537	1176
7306	29	1	3010
7307	62	62	3610
7308	3523	3523	4920
7309	3085	3085	5350
7310	431	139	4377
7311	29	1	5303
7312	479	479	479
7313	29	1	2920
7314	1451	1	1451
7315	5327	5327	5327
7316	2490	2490	2490
7317	3035	707	1
7318	3404	110	6749
7319	4307	4307	4307
7320	29	1	2526
7321	2639	502	5738
7322	3958	275	1235
7323	7323	7323	2042
7324	5642	20	5642
7325	67	67	4006
7326	731	296	5039
7327	168	168	1
7328	7328	7328	2807
7329	130	130	2810
7330	29	1	5625
7332	692	168	2695
7333	7333	7333	2537
7334	1703	1703	1703
7335	585	585	1647
7336	2223	31	4215
7337	1834	1574	6432
7338	1153	1	1153
7339	7339	7339	3539
7341	4806	139	1
7342	7342	194	194
7343	1149	1149	1149
7344	871	131	1708
7345	78	78	3327
7346	29	1	3773
7347	349	127	6615
7348	153	1	7053
7349	7349	2028	7179
7350	698	1	698
7351	1915	91	4587
7352	2221	2221	2221
7353	29	1	3213
7354	3632	1	1
7355	7355	15	5553
7356	2369	2369	2369
7357	1330	110	1330
7358	3060	3060	1
7359	502	502	3869
7360	1276	4	7280
7361	7361	7361	6119
7362	1339	4	6855
7364	28	28	7078
7365	1862	1862	5574
7366	7366	7366	729
7367	29	1	5340
7368	29	1	532
7369	806	806	806
7370	7370	1	6183
7371	251	78	6765
7372	7372	1690	6176
7373	7	7	2322
7374	279	279	2774
7375	650	650	4322
7376	7376	97	6443
7377	1120	1120	1120
7378	507	1	3024
7379	277	277	5743
7380	713	713	7234
7381	7381	7381	3245
7382	1707	4	1707
7383	4223	65	4223
7384	29	1	6598
7385	7385	7385	6270
7386	4916	4916	4916
7387	7387	139	4840
7388	7388	1131	3573
7389	537	537	1176
7390	584	584	1980
7391	29	1	4394
7392	1570	1570	5530
7393	29	1	1325
7394	134	134	6100
7395	29	1	3002
7396	2780	1	2780
7397	11	4	2621
7398	5360	927	5360
7399	238	238	6459
7400	424	424	424
7401	7	7	4054
7402	49	49	5175
7403	4722	4722	1
7404	7404	1	6450
7405	233	233	3543
7406	2615	2615	2615
7407	1	1	5291
7408	1865	636	7041
7410	7410	7	2651
7411	129	129	5296
7412	110	110	6836
7413	475	475	2118
7414	792	275	5318
7415	22	4	5773
7416	78	78	4486
7417	256	256	256
7418	16	1	6549
7419	1639	1639	1639
7421	4916	4916	4916
7422	113	1	5455
7423	7423	7423	5138
7425	75	4	1935
7426	696	696	4239
7427	2922	4	5510
7428	29	1	5684
7429	4438	4438	4438
7430	435	435	6621
7431	22	4	1
7432	16	1	6549
7433	604	7	6628
7434	233	233	4978
7435	27	27	6129
7436	3790	31	1
7438	3189	3189	3189
7439	76	76	5814
7440	2115	228	4673
7441	897	208	2485
7442	7442	707	3035
7443	644	1	2000
7444	4458	504	4458
7446	5552	1169	5552
7447	15	4	5106
7448	129	129	7019
7449	1	1	5379
7450	129	129	7011
7451	132	7	6901
7452	369	369	6184
7453	257	257	3659
7454	2312	2312	2312
7455	283	283	3592
7456	1435	4	1435
7457	2775	2775	5681
7458	7458	1	7219
7459	465	465	4186
7460	454	454	7124
7461	1415	1415	1415
7462	274	274	6146
7463	2360	4	5670
7464	3305	3305	3305
7465	5569	5569	5569
7466	29	1	2144
7467	7	7	4554
7468	29	1	4222
7469	7469	7469	5967
7470	29	1	6620
7471	1067	1067	1067
7472	4498	713	4498
7473	1691	67	1691
7474	582	147	6660
7475	233	233	7405
7476	7476	1820	1820
7477	272	129	5983
7479	222	222	3699
7480	3957	3957	3957
7481	3770	147	3770
7482	1176	537	4870
7483	700	277	3063
7484	585	585	6234
7485	1415	1415	7461
7487	109	86	4417
7488	2292	2292	2292
7489	214	214	2657
7490	78	78	6933
7491	1	1	3617
7492	29	1	1855
7493	17	17	6795
7494	7494	147	3315
7495	910	910	1386
7496	29	1	4077
7498	431	139	7310
7499	49	49	7293
7500	686	1	4593
7501	3913	3913	3913
7502	4285	7	1463
7503	4	4	1901
7504	828	1	5266
7505	7505	7505	5828
7506	1781	1781	6758
7507	493	493	5787
7508	158	158	4616
7509	147	147	5831
7510	384	384	384
7511	545	545	2976
7512	5052	5052	5052
7514	11	4	2324
7515	713	713	7380
7516	2951	2951	2951
7517	29	1	5851
7518	7518	2061	3513
7519	2545	139	1
7520	545	545	3003
7521	545	545	3003
7522	1105	1105	6424
7523	283	283	5778
7524	2034	1	4799
7525	2650	564	6937
7526	279	279	6996
7528	31	31	2437
7529	1	1	3517
7530	828	1	4415
7531	604	7	5086
7532	2001	204	2001
7533	2620	2620	6884
7534	157	1	2059
7535	2412	7	2412
7536	497	497	5582
7537	7537	7537	3416
7538	129	129	4845
7539	7539	7539	5371
7540	589	589	5980
7542	4132	4132	6078
7543	7543	7543	2847
7544	29	1	532
7545	2922	4	4125
7546	139	139	4400
7547	11	4	5801
7548	257	257	1
7549	1451	1	2851
7550	29	1	5222
7551	92	92	4416
7552	918	1	918
7553	552	552	552
7554	1047	1047	5167
7555	166	166	4169
7556	20	20	4096
7557	1435	4	6624
7558	3299	3299	3299
7559	207	38	4624
7560	1169	1169	5254
7561	3608	3608	3608
7562	135	19	4575
7563	3677	3677	5634
7564	29	1	7123
7565	7	7	6874
7566	62	62	3518
7567	3416	3416	3416
7568	4621	4621	4621
7569	130	130	1
7570	283	283	7523
7571	7571	7571	4790
7572	129	129	7477
7573	544	544	5716
7574	279	279	6142
7575	1657	1657	1657
7576	3317	328	5007
7577	1036	1036	1
7578	1865	636	3336
7579	2332	2332	5694
7580	1033	147	3656
7581	4	4	3041
7582	2783	2783	2783
7583	112	112	3350
7584	130	130	3888
7585	5260	5260	5260
7587	4498	713	7472
7588	16	1	2702
7589	722	97	943
7590	7590	7590	7081
7591	67	67	4216
7592	153	1	4335
7593	2785	2785	6903
7594	2422	2422	2422
7595	386	78	748
7596	5338	5338	5338
7598	7598	6440	6440
7599	261	261	6089
7600	2644	643	4548
7601	863	863	3340
7602	410	410	4479
7603	2433	2433	2433
7604	262	262	4514
7605	1172	1172	6614
7606	29	1	3556
7608	4233	1	4233
7609	4304	4304	5207
7610	3305	3305	7464
7611	1862	1862	1
7612	60	4	1598
7613	27	27	2565
7614	1886	31	5165
7615	1	1	1
7616	3380	3380	3380
7617	661	1	661
7618	2050	2050	2050
7619	564	564	5906
7620	17	17	7493
7622	86	86	1739
7623	29	1	2669
7624	435	435	7430
7625	1985	1985	5173
7626	7626	7626	5628
7627	4120	4120	4120
7628	2260	2260	2260
7629	498	147	4516
7630	29	1	6781
7631	29	1	7265
7632	7632	7632	6369
7633	493	493	7507
7634	109	86	1
7635	2543	67	4087
7636	817	214	817
7637	1265	1265	1265
7638	481	481	481
7639	3925	3925	5520
7640	287	287	4232
7641	3813	3813	5739
7642	545	545	3739
7643	7643	7643	458
7644	435	435	3676
7645	7645	1	7076
7646	6508	6508	6508
7647	2693	2693	4075
7649	2338	254	2338
7650	1902	1902	6562
7651	1677	1677	3308
7652	5845	49	5845
7653	238	238	6393
7655	7655	7655	1945
7656	67	67	3885
7657	91	91	5447
7658	222	222	3805
7659	11	4	1338
7660	29	1	456
7661	318	318	3489
7662	135	19	5297
7663	215	1	1
7664	1091	1091	4196
7665	340	340	3443
7666	7666	3045	3045
7667	78	78	6864
7668	2001	204	7532
7669	1245	1245	3473
7670	2934	7	5032
7671	3884	1	7137
7672	49	49	6064
7673	29	1	6279
7675	299	299	4873
7676	3029	3029	6168
7677	116	116	3073
7678	1015	1015	6711
7679	498	147	6290
7680	497	497	6336
7681	478	478	1053
7682	2312	2312	5714
7683	667	667	3132
7684	435	435	4781
7685	5745	5745	5745
7686	2739	1	2739
7687	1998	7	7114
7688	713	713	5150
7689	41	41	4083
7690	791	791	3973
7691	272	129	272
7692	5403	5403	5403
7693	7	7	5804
7694	3652	86	3652
7695	699	699	699
7696	7696	2177	5798
7697	7697	7697	5682
7698	5063	5063	5063
7699	4	4	3538
7700	29	1	7543
7701	29	1	3590
7703	1	1	525
7704	3113	3113	4778
7705	183	1	1588
7706	49	49	5398
7707	2528	2528	2528
7708	153	1	4335
7709	410	410	7602
7710	295	1	5760
7711	435	435	6127
7712	544	544	1
7714	722	97	5558
7715	2633	2633	2633
7716	3039	150	3039
7717	7717	2816	6557
7718	6596	791	6596
7719	327	20	1230
7720	381	31	1179
7721	7721	147	6916
7722	1690	1690	6176
7723	2196	4	4551
7725	1687	410	5768
7726	795	795	795
7727	7727	7727	6709
7728	198	198	4017
7729	5928	5928	5928
7730	135	19	5434
7732	1	1	4544
7733	1590	1590	6027
7734	7734	530	2675
7735	226	226	7275
7736	29	1	2149
7737	2338	254	2338
7739	1574	1574	1574
7740	518	518	6638
7741	2023	2023	1
7742	1633	4	4373
7743	92	92	5155
7744	638	31	5209
7745	92	92	7743
7746	3060	3060	3060
7747	1	1	3209
7748	1	1	1
7749	277	277	5432
7750	1107	7	1
7751	11	4	6162
7752	5845	49	7652
7753	4480	4480	4480
7754	7754	7754	1419
7755	245	7	6222
7756	544	544	5218
7757	863	863	1811
7758	374	165	4217
7759	7759	7759	6999
7760	2285	2285	2285
7761	731	296	731
7762	3976	168	5817
7763	697	697	1
7764	147	147	4282
7765	1024	86	737
7766	27	27	3751
7767	544	544	6986
7768	78	78	6002
7769	4090	4090	4090
7770	1955	1	1955
7771	589	589	4235
7772	2778	2778	6897
7773	27	27	4628
7774	1047	1047	1047
7775	1022	1022	7242
7776	60	4	7294
7777	206	27	206
7778	7778	2361	7571
7779	277	277	3778
7780	1120	1120	1120
7781	27	27	4854
7782	22	4	3157
7783	513	513	5967
7784	283	283	3592
7785	1	1	3283
7786	7	7	7236
7787	41	41	1
7789	29	1	7550
7790	386	78	6992
7791	357	67	2632
7792	1148	7	1148
7793	11	4	6162
7795	3170	1	6698
7796	2537	2537	7333
7797	564	564	4195
7798	1015	1015	5112
7799	662	662	662
7800	2388	2388	2388
7801	5488	5488	5488
7802	29	1	3712
7804	2302	2302	2302
7805	2560	2560	2560
7806	17	17	3672
7807	215	1	3147
7808	29	1	4697
7809	2963	1589	1
7810	7810	7810	5364
7811	7	7	7000
7812	1	1	6783
7813	3397	188	5456
7814	283	283	7570
7815	6968	6968	6968
7816	134	134	1
7817	863	863	3340
7818	84	67	3660
7820	3079	3079	3079
7821	147	147	1544
7822	273	273	4140
7823	1563	1563	4886
7824	6024	6024	6024
7825	7825	7825	5946
7826	1319	1	6735
7828	1	1	3832
7829	5104	4	5104
7830	2619	1440	2619
7831	2263	2263	2263
7832	6185	278	6185
7833	5052	5052	7512
7834	1641	1641	5017
7835	3038	3038	7192
7836	27	27	7781
7837	275	275	1
7838	29	1	5591
7839	7839	1	5215
7840	774	7	178
7841	184	1	6965
7842	497	497	1448
7843	49	49	2408
7844	589	589	7771
7845	1644	1644	1644
7847	6978	6978	6978
7848	5920	3553	5920
7849	7849	7849	3511
7850	7	7	5518
7851	399	19	3097
7852	799	799	7174
7853	274	274	807
7854	7854	7854	4464
7855	7855	7855	7035
7856	132	7	4211
7857	3323	130	3323
7858	571	214	1979
7859	3299	3299	3299
7860	7860	7860	1819
7861	967	1	5312
7862	1421	713	4766
7863	1173	66	1822
7864	828	1	4415
7865	11	4	6331
7866	1779	1779	7109
7867	835	4	835
7868	273	273	7822
7869	2286	2286	2286
7870	1	1	6955
7871	5780	5780	5780
7872	130	130	1
7873	6612	6612	6612
7874	29	1	7269
7875	1	1	124
7876	29	1	1775
7877	7877	7877	1246
7878	2988	2988	3810
7879	5250	5250	5250
7880	29	1	2998
7881	7881	7881	2656
7882	5711	1524	5711
7883	1459	129	1459
7884	4014	1	4014
7885	7885	7885	4559
7886	29	1	6062
7887	3305	3305	7464
7888	7888	5122	5122
7889	4	4	506
7890	35	4	4604
7891	3360	3360	5717
7892	1687	410	1687
7893	275	275	2337
7894	1899	1899	5859
7895	1107	7	4027
7896	2545	139	6277
7897	3293	3293	6356
7898	2580	2580	1
7899	772	772	6670
7900	274	274	2384
7901	1149	1149	7343
7902	1	1	7112
7903	724	1	5902
7904	1105	1105	3289
7905	2566	4	4522
7906	979	979	1
7907	65	65	2971
7908	287	287	4755
7909	116	116	4631
7910	7	7	776
7911	826	826	5555
7912	1118	1118	4644
7913	1	1	1
7914	1091	1091	6444
7915	2092	2092	4507
7916	29	1	827
7917	2389	1710	3414
7918	3095	544	6800
7919	1	1	1578
7920	498	147	5334
7921	1687	410	7892
7922	7922	7922	695
7923	132	7	1108
7924	593	1	593
7925	1905	1905	1905
7926	419	4	5630
7927	2293	2293	2293
7928	7	7	989
7929	696	696	5302
7930	1056	1056	2248
7931	92	92	5476
7932	7932	7932	6493
7933	1156	147	1362
7934	75	4	1784
7935	2487	2487	2487
7936	1985	1985	5418
7937	386	78	2603
7938	586	1	6634
7939	3780	1771	3780
7940	656	656	3709
7941	2775	2775	6659
7942	22	4	7415
7943	5155	92	5155
7944	5482	277	6063
7945	1073	1073	5907
7946	915	110	5015
7947	113	1	6693
7948	113	1	4073
7949	646	646	1
7950	29	1	4255
7951	2730	1286	3636
7952	89	89	2694
7953	2778	2778	4682
7954	2901	2901	7243
7955	383	383	1144
7956	1600	1600	1600
7957	641	641	641
7958	29	1	5277
7959	475	475	475
7960	374	165	3794
7961	3262	3262	3262
7962	31	31	4427
7963	249	249	7002
7964	636	636	636
7965	427	78	3302
7966	29	1	3936
7967	1692	1692	1692
7968	7968	31	4109
7969	584	584	6308
7970	233	233	7405
7971	3337	7	3337
7972	3785	134	3785
7973	27	27	7613
7974	5274	5274	5274
7975	92	92	1929
7976	2496	1	2496
7977	984	984	2903
7978	786	7	4636
7979	116	116	2014
7980	29	1	1
7981	35	4	7254
7982	7982	7982	7264
7983	7983	7983	1074
7984	60	4	4373
7985	115	115	7098
7986	1	1	3981
7987	4296	2528	4296
7989	7989	7989	3797
7990	7	7	6280
7991	2700	1	3297
7992	1547	277	4867
7993	135	19	3725
7994	1034	27	7216
7995	4	4	4758
7996	226	226	226
7997	1	1	6700
7998	228	228	3124
8000	2077	2077	5816
8001	93	7	5855
8002	97	97	3766
8003	586	1	6080
8004	29	1	6113
8005	1490	204	5850
8007	29	1	3822
8008	2312	2312	6506
8009	1118	1118	6223
8010	29	1	6134
8011	786	7	1998
8012	826	826	6307
8013	957	957	957
8014	29	1	7701
8015	2993	1	2993
8016	168	168	4291
8017	1852	1852	6207
8018	78	78	6475
8019	3400	3400	3400
8020	1	1	7468
8021	29	1	7391
8022	1206	4	7877
8023	109	86	6509
8024	20	20	7556
8025	4512	1022	4512
8026	1199	97	1607
8027	604	7	6242
8028	3193	31	3193
8029	29	1	3590
8030	2954	1	670
8031	49	49	3361
8032	478	478	4701
8034	1877	7	6151
8035	1213	1213	1213
8036	696	696	7929
8037	668	668	5487
8038	1	1	2682
8039	3080	3080	3080
8040	27	27	1
8041	2537	2537	2537
8042	29	1	2847
8043	6788	1690	6788
8044	179	179	5720
8045	2835	2835	2835
8046	1754	204	7276
8047	8047	8047	5218
8048	1860	1860	2310
8049	5197	1	5197
8050	130	130	5729
8051	75	4	419
8052	226	226	7275
8053	826	826	5555
8054	2939	2939	2939
8055	2290	2290	2290
8056	166	166	5009
8057	5360	927	5360
8058	29	1	3052
8059	244	244	5514
8060	2244	4	5803
8061	3193	31	8028
8062	49	49	5893
8063	634	16	5405
8064	1276	4	1423
8065	1511	41	6637
8066	279	279	6779
8067	634	16	3817
8068	238	238	7653
8069	2881	2881	3638
8070	4	4	4298
8071	6508	6508	7646
8072	7	7	7000
8073	163	163	2849
8074	3774	3774	3774
8075	1570	1570	4625
8076	8076	8076	2860
8077	6024	6024	7824
8078	135	19	7562
8079	29	1	5084
8081	4014	1	4014
8082	1036	1036	7577
8083	3338	7	3338
8084	2218	901	2416
8085	3512	1	3512
8086	7	7	6250
8087	3299	3299	7558
8088	2757	863	3340
8089	29	1	486
8091	5581	5581	5581
8092	135	19	7730
8093	4307	4307	4307
8094	826	826	5555
8095	2031	2031	4936
8096	4	4	1
8097	7	7	5643
8098	713	713	5734
8099	3527	3527	3527
8100	8100	8100	3828
8102	29	1	7269
8103	287	287	4754
8104	497	497	7842
8105	1590	1590	2987
8106	29	1	1065
8107	157	1	2882
8108	362	362	7158
8109	130	130	5146
8110	686	1	4593
8111	4304	4304	5806
8112	4233	1	4233
8113	284	284	6890
8114	28	28	7199
8115	478	478	4701
8116	1037	1037	1037
8117	3746	2017	3746
8118	539	7	539
8119	1443	131	2066
8120	584	584	3559
8122	5569	5569	5569
8123	67	67	5789
8124	29	1	6402
8125	786	7	3332
8126	397	397	4966
8127	78	78	6036
8128	577	78	6484
8129	435	435	5081
8130	29	1	5025
8131	1	1	1082
8132	544	544	6743
8133	2030	19	5815
8134	4238	296	4238
8135	1172	1172	7605
8136	3964	602	3964
8137	2244	4	2653
8138	129	129	7538
8139	497	497	1
8140	414	414	414
8141	1056	1056	3733
8142	226	226	8052
8143	1915	91	4587
8144	5274	5274	7974
8145	38	38	3196
8146	465	465	4186
8147	792	792	5295
8148	29	1	2019
8149	2125	2125	2125
8150	2561	2561	2561
8151	1690	1690	7372
8152	1406	1406	1406
8153	109	86	7118
8154	86	86	4112
8155	306	306	5975
8156	1	1	4244
8157	29	1	512
8158	49	49	4180
8160	1663	1663	1663
8161	4238	296	4238
8162	17	17	3672
8163	3029	3029	6367
8164	4	4	5594
8165	3397	188	3397
8166	66	66	66
8167	183	1	1722
8168	857	857	857
8169	3081	3081	3081
8170	3031	66	6570
8171	205	205	2776
8172	273	273	273
8173	1034	27	2898
8174	1609	81	2464
8175	836	147	1937
8176	435	435	5640
8177	3278	3278	3278
8178	4132	4132	4132
8179	1213	1213	1213
8180	129	129	6491
8181	1035	139	1035
8182	1480	1	6285
8183	8183	19	7562
8184	1690	1690	7372
8185	465	465	7044
8186	4467	4467	4467
8187	8187	8187	3622
8188	113	1	5455
8189	1	1	1084
8190	2394	1902	2394
8191	435	435	6621
8193	722	97	6468
8194	2356	2356	7188
8195	435	435	435
8196	3677	3677	3677
8197	29	1	3462
8198	478	478	4701
8199	2111	2111	7075
8200	1	1	1578
8201	116	116	7201
8202	1247	1247	4076
8203	1172	1172	4425
8204	27	27	1
8205	1987	1987	2853
8206	545	545	2976
8207	1496	1496	1496
8208	1666	137	1666
8209	5994	5994	5994
8210	8210	8210	1
8211	97	97	1
8212	29	1	6332
8213	86	86	5863
8214	29	1	2243
8215	5981	5981	5981
8216	137	137	3011
8217	901	901	901
8218	3893	3893	3893
8219	29	1	6229
8220	113	1	2524
8221	6508	6508	7646
8222	4193	4193	4193
8223	2102	198	2102
8224	29	1	6802
8225	235	97	6705
8226	1	1	6020
8227	7	7	2130
8228	1118	1118	6147
8229	49	49	4067
8230	2674	2674	2674
8231	897	208	7441
8232	549	549	6274
8233	1687	410	6007
8234	1896	1896	1896
8235	8235	1	8148
8236	545	545	545
8237	571	214	7096
8238	135	19	7730
8239	4830	4830	4830
8240	1623	1623	1623
8241	273	273	7178
8242	2041	2041	2041
8243	2293	2293	2293
8244	11	4	5547
8245	1908	1908	7230
8246	2951	2951	7516
8247	3115	3115	3115
8248	67	67	3074
8249	3677	3677	8196
8251	1902	1902	7650
8252	369	369	6430
8253	2312	2312	2312
8254	713	713	4766
8255	27	27	4280
8256	2993	1	2993
8257	29	1	1872
8258	6508	6508	8071
8259	267	267	5976
8260	273	273	5608
8261	60	4	4865
8262	51	4	51
8263	972	972	972
8264	3558	3558	3558
8265	571	214	3488
8266	7	7	1947
8267	3958	275	6238
8268	274	274	5263
8269	1496	1496	8207
8270	2783	2783	2783
8271	222	222	3349
8272	2620	2620	2620
8273	1206	4	341
8274	4747	1	4747
8275	399	19	4380
8276	3846	205	3846
8277	78	78	6258
8278	1671	1671	5659
8279	397	397	397
8280	132	7	4294
8281	1781	1781	7506
8282	8282	2664	2664
8283	1977	4	6084
8284	697	697	4154
8285	5116	1	5116
8286	6306	6306	6306
8287	89	89	6532
8289	1210	1210	5406
8290	1521	1521	6822
8291	1609	81	8174
8292	92	92	6161
8293	8293	8293	7320
8294	414	414	5475
8295	97	97	6746
8296	465	465	4607
8297	130	130	4356
8298	1159	1159	1159
8299	5628	5628	7626
8300	1771	1771	3833
8302	634	16	3817
8303	3256	3256	3256
8304	1642	1642	1642
8305	530	530	5047
8306	110	110	5842
8307	22	4	2834
8308	27	27	3703
8309	863	863	1811
8310	6968	6968	7815
8311	11	4	2621
8312	7355	15	7355
8313	493	493	6075
8314	1762	4	6377
8315	1276	4	5706
8316	135	19	1770
8317	7	7	1437
8318	2117	1	2117
8319	5035	5035	5035
8320	4977	4977	6076
8321	2761	1	2761
8322	6706	932	6706
8323	290	290	290
8324	2587	2587	2587
8325	3946	3946	3946
8326	31	31	2688
8327	638	31	3432
8328	44	44	1
8329	984	984	1746
8330	2293	2293	8243
8331	1977	4	5853
8332	5347	4	5347
8333	1258	78	6010
8334	62	62	5255
8335	11	4	6889
8336	3850	97	5513
8337	113	1	8220
8338	1852	1852	6207
8340	7363	7363	1
8341	49	49	8062
8342	388	1	4264
8343	1	1	4519
8344	786	7	786
8345	73	73	4052
8346	828	1	4948
8347	740	740	5900
8348	84	67	1720
8349	557	557	557
8350	374	165	7758
8351	29	1	6647
8352	113	1	4815
8353	713	713	7037
8354	1056	1056	4472
8355	3225	3225	3225
8356	182	4	182
8357	4132	4132	8178
8358	109	86	6941
8359	29	1	2847
8360	4233	1	7608
8361	381	31	7267
8362	498	147	7629
8363	826	826	7122
8364	19	19	5978
8365	38	38	1419
8366	256	256	256
8367	1	1	5963
8368	786	7	6102
8369	73	73	4148
8370	4537	4537	4537
8371	101	101	2188
8372	1001	130	7194
8373	3278	3278	8177
8374	1687	410	5768
8375	2178	2178	5375
8376	3716	584	3716
8377	3187	86	3187
8378	31	31	1163
8379	22	4	1478
8380	274	274	1566
8381	410	410	7299
8382	1	1	4544
8383	377	377	4681
8384	139	139	4973
8385	828	1	7530
8386	4160	4160	4160
8387	17	17	7493
8388	29	1	3727
8389	349	127	7347
8390	516	19	5978
8391	584	584	6726
8392	8392	8392	7673
8393	877	7	877
8395	29	1	6134
8396	130	130	1624
8397	4	4	3868
8398	204	204	880
8399	7	7	3459
8400	2556	2556	4683
8401	4495	1	4495
8402	3615	3615	6754
8403	605	605	605
8404	129	129	3009
8405	7	7	6415
8406	1172	1172	1172
8407	1532	1532	2415
8408	73	73	4148
8409	4	4	2229
8410	233	233	7405
8411	1771	1771	6266
8412	1056	1056	4672
8413	29	1	2906
8414	7240	7240	7240
8415	7727	7727	7727
8416	1605	1605	7162
8417	274	274	5857
8418	6057	3856	6057
8419	2922	4	6471
8420	134	134	6100
8421	3446	3446	3446
8422	29	1	8382
8423	435	435	2288
8424	435	435	8129
8425	279	279	8066
8426	584	584	1194
8427	75	4	2070
8428	1977	4	3301
8429	7	7	7990
8430	604	7	1369
8431	3919	3919	3919
8432	119	119	4932
8433	1547	277	4867
8434	65	65	712
8435	642	642	3123
8436	897	208	8231
8437	1245	1245	7669
8438	29	1	1352
8439	249	249	2176
8440	383	383	4520
8441	758	110	6691
8442	4876	7	4876
8443	2934	7	1
8444	2323	840	2323
8445	751	1	6094
8446	378	378	6658
8447	5052	5052	7512
8448	272	129	7691
8449	3085	3085	7309
8450	49	49	7706
8451	1118	1118	5878
8452	78	78	6656
8453	1	1	6783
8454	4974	493	4974
8455	295	1	6334
8456	132	7	7080
8457	918	1	918
8458	2323	840	8444
8459	4893	4893	4893
8460	49	49	5472
8461	3558	3558	3558
8462	1001	130	4965
8463	5360	927	8057
8464	964	964	5601
8465	1415	1415	1415
8466	283	283	5921
8467	1106	4	4441
8468	235	97	8225
8469	7	7	3806
8470	1056	1056	4305
8471	3487	3487	3487
8472	1052	1052	1
8473	29	1	7700
8474	2111	2111	7075
8475	130	130	3888
8476	751	1	6094
8477	113	1	4135
8478	67	67	4179
8479	2245	2245	2245
8480	634	16	6035
8481	41	41	3816
8482	696	696	7426
8483	3819	3819	3819
8484	958	7	6342
8485	1172	1172	8135
8486	1257	367	5257
8487	3019	3019	3019
8488	2615	2615	2615
8489	8489	8489	5021
8490	2419	1	4638
8491	1890	1890	1890
8492	3686	3686	3686
8493	397	397	8126
8494	11	4	1338
8495	93	7	2744
8496	530	530	7734
8497	15	4	7447
8498	4307	4307	8093
8499	7016	826	7016
8500	27	27	6780
8501	1131	410	6346
8502	1998	7	7114
8503	896	7	3344
8504	1666	137	8208
8505	6508	6508	7646
8506	28	28	4036
8507	139	139	5421
8508	2775	2775	5681
8509	2213	4	2213
8510	3360	3360	5717
8511	419	4	3245
8512	502	502	6791
8513	478	478	1053
8514	5540	5540	5540
8515	493	493	2635
8516	3696	3696	3696
8517	240	29	2937
8518	3187	86	8377
8519	1877	7	8034
8520	1970	1970	7079
8521	49	49	3361
8522	1836	1836	6616
8523	1511	41	8065
8525	7	7	2276
8526	262	262	7604
8527	4329	4329	4329
8528	281	281	7043
8529	357	67	357
8530	1574	1574	1834
8531	29	1	8351
8532	7	7	2838
8533	49	49	7843
8534	7	7	6847
8535	2092	2092	7915
8536	943	97	943
8537	88	4	4949
8538	431	139	4377
8539	823	823	823
8540	130	130	8109
8541	8541	8541	1141
8542	896	7	3344
8543	2974	1	4301
8544	1	1	1309
8545	1023	1023	1023
8546	8546	7	8469
8547	1	1	6796
8548	1724	4	1724
8549	1639	1639	5901
8550	8550	8550	4793
8551	1902	1902	7650
8552	502	502	3111
8553	29	1	7673
8554	656	656	3815
8555	2700	1	2700
8556	205	205	4735
8557	8557	8557	7567
8558	634	16	8063
8559	1	1	4084
8560	1657	1657	7575
8561	644	1	3680
8562	29	1	5549
8563	240	29	514
8564	6696	256	6696
8565	5321	1	5321
8566	2326	2326	2326
8567	240	29	3875
8568	465	465	8296
8570	110	110	6313
8571	362	362	5805
8572	697	697	4951
8573	6696	256	8564
8574	6538	6538	6538
8575	1	1	3445
8576	7810	7810	7810
8577	19	19	4955
8578	2006	707	2006
8579	530	530	2764
8580	113	1	1675
8581	49	49	7402
8582	267	267	6704
8583	204	204	6454
8584	11	4	5801
8585	97	97	97
8586	1825	588	1825
8587	806	806	7369
8588	1	1	4519
8589	256	4	5955
8590	544	544	6640
8591	29	1	5684
8592	87	4	3764
8593	3800	1703	6164
8594	7	7	948
8595	2556	2556	4963
8596	3323	130	7857
8597	1800	274	7072
8598	939	939	939
8599	308	308	912
8600	1172	1172	7260
8601	1015	1015	3639
8602	233	233	5022
8603	29	1	3437
8604	1028	110	1028
8605	686	1	4593
8606	29	1	1837
8607	1687	410	7921
8608	8608	8608	5387
8609	97	97	3766
8610	3978	4	3978
8611	2312	2312	5714
8612	116	116	7063
8613	8613	1574	1574
8614	527	527	527
8616	89	89	234
8617	697	697	3238
8618	7	7	657
8619	1148	7	1
8620	28	28	2032
8621	3615	3615	3615
8622	29	1	4040
8623	7	7	4875
8624	158	158	7203
8625	686	1	6311
8626	1987	1987	3472
8627	109	86	5586
8628	1024	86	7765
8629	539	7	3768
8630	314	196	3326
8631	396	396	396
8632	7	7	6683
8633	29	1	3933
8634	116	116	7212
8635	1480	1	5836
8636	1015	1015	6181
8637	1033	147	3315
8638	31	31	3612
8639	110	110	8570
8640	29	1	5221
8641	1152	1	1152
8642	5066	3813	5066
8643	139	139	8384
8644	502	502	6791
8645	3814	3814	5667
8646	109	86	6509
8647	1024	86	7048
8648	3352	3352	6119
8649	3383	49	3383
8650	29	1	7736
8651	588	588	588
8652	8652	8652	3164
8653	4304	4304	5806
8654	518	518	518
8655	8655	8655	3324
8656	1862	1862	5574
8657	2465	2465	3541
8658	4526	4526	6929
8659	113	1	8477
8660	29	1	5101
8661	86	86	2916
8662	3198	3198	3198
8663	1213	1213	8035
8664	1022	1022	7242
8665	552	552	552
8666	29	1	5205
8667	3914	3914	3914
8668	5010	5010	5010
8669	3293	3293	7897
8670	2383	2383	2383
8671	129	129	7011
8672	139	139	3252
8673	1421	713	4619
8674	2020	66	2020
8675	1039	1039	3094
8676	1395	1395	6252
8677	1794	1091	1794
8678	29	1	3247
8679	2366	2366	2366
8680	1319	1	7281
8681	828	1	6787
8682	22	4	7431
8683	2422	2422	7594
8684	7632	7632	7632
8685	5929	1	5929
8686	4793	4	4793
8687	801	801	3452
8688	918	1	918
8689	41	41	6651
8690	205	205	8171
8691	295	1	1272
8692	544	544	6640
8693	92	92	1929
8694	129	129	8138
8695	1903	1903	1903
8696	4009	4009	5507
8697	31	31	1163
8698	556	556	2363
8699	1262	1262	1262
8700	233	233	5772
8701	249	249	3334
8702	8702	8702	1313
8703	89	89	8616
8704	5326	5326	5326
8705	4012	1	5087
8706	29	1	8553
8707	29	1	6511
8708	2954	1	670
8709	314	196	4774
8710	29	1	6587
8711	2580	2580	7898
8712	416	183	5134
8713	1586	31	1586
8714	2326	2326	6816
8715	786	7	4152
8716	740	740	5900
8717	5052	5052	6940
8718	278	278	5849
8719	233	233	814
8720	576	576	576
8721	3360	3360	4374
8722	432	432	6923
8723	1307	277	8210
8724	1564	1564	1564
8725	796	796	796
8726	22	4	1702
8727	435	435	8424
8728	2797	1	4171
8729	1339	4	4386
8730	2874	2874	2874
8731	4977	4977	6076
8732	1754	204	7276
8733	1771	1771	6266
8734	109	86	6920
8735	175	4	5686
8736	3958	275	7322
8737	4830	4830	8239
8738	5051	5051	5051
8739	1257	367	8486
8740	1056	1056	8354
8741	182	4	6434
8742	5991	5991	5991
8743	49	49	7499
8744	7022	7022	7022
8745	6387	6387	6387
8746	113	1	6693
8747	1033	147	6531
8748	435	435	3417
8749	2221	2221	2221
8750	643	643	1572
8751	29	1	7789
8752	863	863	5532
8753	2213	4	6944
8754	75	4	5402
8755	1547	277	3254
8756	4384	557	6588
8757	493	493	6363
8758	1	1	4671
8759	4	4	6979
8760	1022	1022	2711
8761	1	1	7812
8762	8762	8762	7435
8763	35	4	5157
8764	28	28	4584
8765	22	4	7142
8766	2954	1	4747
8767	656	656	5253
8768	1	1	8559
8769	1	1	5291
8770	958	7	2737
8771	7	7	7373
8772	29	1	7630
8773	1651	1651	5602
8774	222	222	222
8775	502	502	6987
8776	1001	130	8372
8777	3343	65	3343
8778	431	139	4400
8779	374	165	7758
8780	1644	1644	4048
8781	796	796	6939
8782	7	7	6909
8783	22	4	2834
8784	5288	7	5288
8785	8785	8785	8124
8786	661	1	4756
8787	4	4	3868
8788	609	609	3802
8789	3652	86	7694
8790	1169	1169	4345
8791	7376	97	7376
8792	3628	3628	3628
8793	794	794	794
8794	2528	2528	7707
8795	758	110	4321
8796	4151	404	4151
8797	4946	4946	6899
8798	49	49	3754
8799	1070	1070	1070
8800	777	777	777
8801	168	168	2103
8802	1262	1262	7101
8803	1915	91	1915
8804	4509	214	4509
8805	5581	5581	5581
8806	233	233	6861
8807	1575	1575	2390
8808	157	157	4050
8809	135	19	5890
8810	7	7	4469
8811	1339	4	6913
8812	3360	3360	4374
8813	1511	41	6123
8814	871	131	2818
8815	1	1	6715
8816	1033	147	5438
8817	28	28	4036
8818	2605	97	2605
8819	29	1	1065
8820	6758	6758	6758
8821	60	4	4865
8822	158	158	4616
8823	1880	1880	1880
8824	747	747	747
8825	130	130	5729
8826	29	1	8678
8827	6427	6427	6427
8828	713	713	4958
8829	498	147	7679
8830	1034	27	6338
8831	589	589	5427
8832	1779	1779	5757
8833	1589	1589	5940
8834	8834	8834	7703
8835	796	796	3090
8836	435	435	7644
8837	3602	3602	3602
8838	93	7	6935
8839	571	214	6664
8840	4185	4185	4185
8841	8841	8841	8450
8842	29	1	359
8843	29	1	8130
8844	735	4	1093
8845	7	7	5449
8846	1247	1247	5700
8847	206	27	7777
8848	3819	3819	4574
8849	2869	497	5889
8850	249	249	6019
8851	383	383	2648
8852	2476	2476	2796
8853	113	1	7039
8854	2221	2221	2221
8855	6491	129	6491
8856	537	537	6302
8857	2778	2778	5367
8858	638	31	3651
8859	2366	2366	2366
8860	1382	1382	6838
8861	314	196	3889
8862	3836	3836	3836
8863	4747	1	8274
8864	3170	1	6698
8865	115	115	7985
8866	502	502	6333
8867	4285	7	6448
8868	465	465	4607
8869	4360	537	4360
8870	132	7	6901
8871	5327	5327	7315
8872	314	196	4620
8873	16	1	3647
8874	3320	497	3320
8875	1091	1091	2474
8876	6886	6886	6886
8877	147	147	147
8878	7	7	7928
8879	7598	6440	7598
8880	49	49	1528
8881	27	27	6129
8882	1703	1703	7334
8883	1312	1312	1312
8884	1	1	3209
8885	4974	493	4974
8886	1262	1262	8802
8887	60	4	3938
8888	1223	1223	1223
8889	650	650	6891
8890	29	1	7876
8891	1574	1574	1834
8892	349	127	4763
8893	5998	5998	5998
8894	7	7	4879
8895	4894	277	4894
8896	1	1	8038
8897	5338	5338	5338
8898	650	650	650
8899	1172	1172	6892
8900	1106	4	1106
8901	1105	1105	3289
8902	1589	1589	4676
8903	386	78	7790
8904	3420	2167	3420
8905	446	446	446
8906	589	589	5427
8907	2047	2047	2047
8908	1577	7	3374
8909	29	1	7564
8910	29	1	6781
8911	478	478	4701
8912	29	1	8007
8913	6025	6025	6848
8914	1586	31	1586
8915	87	4	8592
8916	2629	183	416
8917	261	261	7599
8918	29	1	6279
8919	791	791	4061
8920	226	226	5462
8921	132	7	4294
8922	1395	1395	1395
8923	28	28	8620
8924	1611	1611	6156
8925	1457	1457	1457
8926	92	92	8292
8927	5569	5569	5569
8928	2687	7	2687
8929	29	1	8413
8930	4160	4160	8386
8931	141	141	2546
8932	318	318	6775
8933	7	7	4826
8934	692	168	692
8935	4526	4526	6595
8936	7089	7089	7089
8937	1206	4	7105
8938	335	335	2132
8939	5182	5182	5182
8940	8940	8940	1146
8941	1761	1761	1761
8942	585	585	3906
8943	38	38	2751
8944	384	384	4746
8945	231	231	231
8946	758	110	4058
8947	2922	4	7545
8948	2022	279	2003
8949	277	277	3139
8950	545	545	7520
8952	29	1	7673
8953	92	92	6273
8954	786	7	8011
8955	134	134	1069
8956	134	134	6100
8957	38	38	3837
8958	2312	2312	8611
8959	2373	2373	2373
8960	1480	1	6294
8961	2869	497	8849
8962	3029	3029	8163
8963	8963	8963	6890
8964	431	139	7207
8965	3170	1	6698
8966	1490	204	8005
8967	1199	97	2060
8968	3555	3555	6457
8969	758	110	3965
8970	249	249	7002
8971	641	641	641
8972	3516	3516	3516
8973	3813	3813	6169
8974	564	564	5201
8975	904	7	904
8976	5928	5928	5928
8977	233	233	6861
8978	78	78	7014
8979	261	261	261
8980	435	435	8195
8981	1	1	1650
8982	3039	150	6483
8983	1886	31	4059
8984	2650	564	6462
8985	134	134	8956
8986	5708	147	6636
8987	584	584	6382
8988	1888	1888	1888
8989	278	278	2239
8990	4747	1	8766
8991	984	984	7152
8992	305	305	6421
8993	3305	3305	3305
8994	1287	1	4099
8995	1406	1406	1406
8996	73	73	1211
8997	67	67	718
8998	1	1	4745
8999	1547	277	8755
9000	786	7	5346
9001	2221	2221	8749
9002	2424	2424	6373
9003	29	1	5342
9004	67	67	5951
9005	3352	3352	6119
9006	549	549	6274
9007	7	7	1501
9008	1623	1623	8240
9009	11	4	1264
9010	2788	2788	2788
9011	1056	1056	4736
9012	1339	4	7156
9013	3389	3389	3389
9014	656	656	5715
9015	2505	2505	2505
9016	1026	1026	1026
9017	29	1	2398
9018	251	78	6765
9019	410	410	7602
9020	1	1	6623
9021	5198	1941	5198
9022	796	796	8781
9023	740	740	8716
9024	3935	3935	3935
9025	279	279	279
9026	29	1	7468
9027	1339	4	8729
9028	8762	8762	8762
9029	76	76	6323
9030	979	979	4105
9031	3133	3133	5186
9032	4722	4722	7403
9033	1778	1778	1778
9034	586	1	7938
9035	29	1	6786
9036	4985	4985	5579
9037	386	78	2603
9038	49	49	3741
9039	1276	4	1693
9040	3957	3957	3957
9041	1602	230	1602
9042	489	489	489
9043	29	1	5008
9044	4132	4132	7542
9045	696	696	3200
9046	3039	150	7716
9047	790	790	4534
9048	132	7	8870
9049	4905	2028	4905
9050	299	299	5239
9051	668	668	7211
9052	29	1	7880
9053	2084	2084	2084
9054	1	1	4244
9055	2720	2720	5880
9056	3780	1771	7939
9057	5747	5747	5747
9058	141	141	4024
9059	582	147	2357
9060	497	497	8139
9061	153	1	3845
9062	2077	2077	8000
9063	399	19	1
9064	7	7	2612
9065	791	791	6772
9066	2338	254	7649
9067	3360	3360	4764
9068	7881	7881	7881
9069	548	1	548
9070	1257	367	2547
9071	2766	2766	5163
9072	175	4	4598
9073	1633	4	7742
9074	240	29	4392
9075	29	1	7802
9076	2338	254	7649
9077	1015	1015	3639
9078	544	544	5841
9079	251	251	251
9080	739	739	739
9081	2424	2424	9002
9082	416	183	4497
9083	29	1	1837
9084	2177	2177	5823
9085	75	4	419
9086	2023	2023	4403
9087	1451	1	6311
9088	5338	5338	7596
9089	1148	7	8619
9090	1768	1768	1768
9091	166	166	4169
9092	3780	1771	3780
9093	651	651	651
9094	109	86	6283
9095	1135	1135	1135
9096	2731	2731	2731
9097	366	7	366
9098	2125	2125	8149
9099	35	4	6503
9100	17	17	3020
9101	29	1	3247
9102	731	296	3129
9103	116	116	2014
9104	1583	1583	1583
9105	2383	2383	8670
9106	2922	4	6883
9107	5487	5487	5487
9108	577	78	8128
9109	29	1	4072
9110	78	78	6864
9111	5321	1	8565
9112	661	1	7617
9113	1589	1589	5261
9114	29	1	2512
9115	545	545	545
9116	29	1	7876
9117	700	277	7483
9118	274	274	3276
9119	2835	2835	8045
9120	7	7	3468
9121	16	1	4007
9122	1033	147	3835
9123	6427	6427	6427
9124	7	7	948
9125	109	86	6509
9126	22	4	971
9127	7323	7323	7323
9128	29	1	5926
9129	692	168	2902
9130	29	1	6831
9131	1172	1172	8899
9132	982	982	982
9133	3331	3331	3331
9134	1691	67	7473
9135	4560	4560	4560
9136	7	7	2276
9137	604	7	1470
9138	204	204	6454
9139	233	233	3058
9140	384	384	384
9141	1107	7	4023
